    1     2  1.555700e+01  1.300505e-01  8.632542e-02  1.984269e-01  3.515358e+03  7.894359e+02  5.785957e+01  1.822437e+01  3.669054e+00  2.699945e+05  2.311200e+01  1.103212e+01  1.714709e+00  9.991729e-01  5.998891e-01  1.187342e+03  3.602218e+02  1.373204e+03 
    1     8  8.145395e+01  1.906463e-03  5.779638e-03  2.629092e-01  2.060018e+01  1.257687e+01  8.109777e-01  1.887826e+01  1.018823e+01  6.795067e+03  4.812152e+00  3.889708e+00  1.154788e+01  1.727476e+01  1.866576e+00  1.374314e+02  4.047100e-02  3.949260e+01 
    1    11  1.213964e+02  3.339396e-04  1.546888e-04  1.684252e-01  8.934345e+00  3.332529e+00  8.450886e-02  7.180117e+00  3.748679e+00  6.359012e+02  3.996856e+00  6.195117e-01  1.587691e+00  1.797547e+01  2.203499e-01  3.450953e+01  1.090485e-03  1.458029e+01 
    1    12  6.993920e+01  8.689873e-04  5.522739e-04  1.286057e-01  1.654707e+01  8.094495e+00  1.739345e-01  2.094878e+01  4.645077e+00  9.628879e+02  3.474502e+00  3.375490e-01  2.912353e+00  4.378993e-01  1.655751e-01  1.695357e+02  1.324183e-01  1.346797e+02 
    1    15  7.469912e+01  2.304304e-03  5.036325e-03  1.102657e-01  2.041695e+01  5.612503e+00  7.164596e+00  2.970275e+02  2.409184e+01  7.773440e+03  3.531817e+00  1.948364e+00  4.669615e+00  4.329163e+00  2.058701e+00  5.831884e+01  1.372163e-01  5.267563e+01 
    1    17  1.788380e+02  2.183879e-04  1.976841e-04  1.727478e-02  3.967533e+00  3.227456e+00  1.861886e-01  6.421992e+00  2.637356e+00  7.550887e+02  1.168925e+00  6.053926e-01  1.965761e+00  3.441767e+00  2.654808e-01  4.251952e+00  1.745572e-03  4.042679e+00 
    1    19  7.012062e+01  3.606029e-03  5.406687e-03  9.025140e-02  2.280234e+01  9.180905e+00  2.356950e+00  2.286724e+01  7.625541e+00  3.768284e+03  1.429755e+00  1.190490e+00  1.588614e+00  1.502392e+00  1.050333e+00  1.078634e+02  3.058427e-01  1.078019e+02 
    1    20  9.099878e+01  1.794747e-03  1.614593e-03  3.718510e-02  5.101388e+00  1.673192e+00  2.374187e-01  1.966191e+01  1.832103e+01  1.415910e+03  9.508599e-01  3.822602e-01  3.578973e+00  1.202612e+00  1.475844e-01  2.283434e+01  1.619925e-01  2.287041e+01 
    1    21  1.249225e+01  8.039475e-01  5.377204e-01  3.435570e+00  3.241384e+04  9.809682e+03  3.196490e+01  3.451945e+02  1.555132e+02  1.571237e+06  1.205470e+01  8.853284e+00  8.663288e+00  7.365605e+00  3.254583e+00  1.708890e+01  5.060596e-02  2.473940e+01 
    1    22  1.222897e+02  1.087124e-02  1.186833e-02  3.868291e-01  1.922104e+01  1.678370e+01  2.092563e+00  5.176097e+01  1.855077e+01  3.138532e+03  3.869705e+00  1.382902e+00  4.858739e+00  6.725390e+00  4.114761e-01  5.688762e+00  1.373961e-02  3.730963e+00 
    1    23  1.038567e+01  2.111167e-02  2.305666e-02  1.749173e-01  3.823426e+01  4.258608e+00  4.921406e+01  5.021837e+01  3.612672e+01  2.013043e+03  5.805790e+00  3.574660e+00  6.933175e+00  1.593065e+00  1.004542e+00  8.505709e+01  1.870188e-01  4.670646e+01 
    1    27  2.225461e+02  5.680000e-03  6.276777e-03  1.665201e-01  1.438591e+01  1.359678e+01  3.422317e-01  5.945272e+01  1.374763e+01  1.030509e+03  7.846977e-01  5.411073e-01  9.612864e-01  6.048849e-01  3.838137e-01  5.554434e+01  4.919596e-02  5.544820e+01 
    1    28  8.982047e+00  1.094877e-01  7.143346e-02  2.939444e-01  3.268417e+01  1.975689e+01  7.879605e+01  2.683898e+01  1.029342e+01  3.594568e+04  5.789368e+00  3.293661e+00  5.464071e+00  2.974288e+00  2.453319e+00  7.926608e+01  1.156657e-01  8.010169e+01 
    1    30  2.601561e+01  2.440349e-02  3.183481e-02  3.478352e-01  4.303912e+01  3.616173e+01  8.391439e+00  7.326913e+01  1.758726e+01  4.136870e+04  5.813954e+00  3.565143e+00  2.597747e+01  5.066940e+01  3.328227e+00  3.267912e+01  1.170846e-01  2.576820e+01 
    1    31  6.725128e+01  6.561656e-04  4.634051e-04  9.601927e-02  1.414641e+01  4.112428e+00  5.206970e-01  1.855750e+01  2.979510e+00  5.767161e+02  3.675373e+00  1.655746e+00  3.075310e+00  1.229574e+00  1.063325e+00  1.030193e+02  7.200158e-03  5.832859e+01 
    1    33  1.046781e+02  1.146851e-03  4.629259e-03  6.890300e-02  1.472213e+01  1.277903e+00  1.337209e+00  7.712522e+01  5.683768e+00  1.672697e+03  7.137556e-01  4.442919e-01  4.193330e-01  4.782651e-01  3.863664e-01  1.554729e+02  1.911500e-01  3.389981e+01 
    1    34  3.284663e+01  5.010937e-01  5.155852e-01  2.247334e+00  1.945860e+02  8.826176e+01  3.044402e+00  1.463266e+02  4.976836e+01  1.033461e+04  2.211548e+00  1.281907e+00  4.106640e+00  2.824837e+00  5.303564e-01  8.745110e+01  3.106143e-02  8.746096e+01 
    1    38  1.040795e+02  8.672666e-05  6.301616e-05  6.941167e-02  9.426518e+00  2.197139e+00  5.670059e-02  2.838938e+00  1.851503e-01  2.389511e+02  3.963722e-01  1.661759e-01  4.786503e-01  3.962035e-01  1.929192e-01  4.733168e+01  1.491363e-03  3.746876e+01 
    1    40  8.114508e+00  6.256080e-01  3.701743e-01  5.043605e-01  8.485286e+02  5.391695e+02  5.577633e+01  7.607953e+00  4.096719e+00  6.410982e+06  1.397232e+01  7.963259e+00  2.240441e+00  1.071658e+00  4.059567e-02  1.112251e+02  2.017702e-02  4.678431e+01 
    1    41  6.026745e+01  8.086669e-03  1.713147e-02  5.250473e-01  9.120956e+01  3.121354e+01  3.024951e+00  3.557076e+01  3.459708e+00  2.295424e+03  6.867188e+00  3.196912e+00  1.464125e+01  9.118514e+00  2.253927e+00  5.974604e+01  1.873718e-01  5.270562e+01 
    1    42  2.257424e+02  2.445219e-04  1.478052e-03  2.224393e-02  6.331733e+00  1.462221e+00  2.228457e+00  1.574417e+02  9.858248e+01  2.456418e+02  9.286324e-01  8.291058e-01  9.902643e-01  8.767290e-01  3.715350e-01  9.578910e+01  5.061697e-02  1.568492e+01 
    1    45  3.090240e+01  1.535707e-01  1.096379e-01  1.074162e+00  3.874656e+05  2.309075e+05  3.028511e+01  8.826224e+01  2.790783e+01  4.551596e+04  3.044204e+02  1.014309e+02  1.276093e+00  3.261261e-01  2.148815e-01  4.710199e+02  6.200519e-02  2.734023e+02 
    1    46  1.789387e+02  1.600743e-03  1.422109e-03  1.682476e-01  1.036308e+00  1.559797e-01  9.188330e-02  1.135450e+01  8.955134e-01  1.400915e+03  5.396459e-01  1.403366e-01  6.949608e-01  1.362109e+00  9.651994e-02  1.659958e+02  6.863403e-02  1.081454e+01 
    1    47  1.149187e+02  6.078326e-03  8.942521e-03  4.434590e-02  1.074340e+00  1.369748e-01  1.482647e+00  5.379981e+00  1.249082e+00  1.442704e+02  6.184902e-01  1.368179e-01  3.546898e-01  2.782202e-01  3.534323e-02  1.718985e+01  6.650028e-02  8.351096e+00 
    1    48  3.096007e+02  4.211652e-04  3.345761e-04  1.647818e-02  1.358217e+00  5.454838e-01  1.920342e-01  9.490271e+00  2.767079e+00  1.104536e+03  7.276254e-01  1.379778e-01  5.121858e-01  7.599899e-01  9.993873e-02  4.773023e+00  1.126214e-02  4.589338e+00 
    1    51  6.420320e+01  2.767362e-03  2.191427e-03  4.963463e-02  7.510767e-01  2.184926e-01  6.363039e-01  4.113000e-01  2.561792e-01  2.494402e+03  2.514827e-01  1.586040e-01  2.236076e+00  3.768088e-01  5.376827e-02  1.774556e+01  1.924006e-02  1.130980e+01 
    1    52  1.182868e+01  1.264323e-01  6.382481e-02  5.827133e-01  1.194300e+03  3.826591e+02  6.022473e+01  1.943516e+01  6.920983e+00  7.401997e+05  3.296689e+00  2.128692e+00  3.344034e+00  5.080139e-01  3.211478e-01  2.681175e+01  3.564333e-02  3.828453e+01 
    1    55  5.139851e+01  1.857321e-03  2.739515e-03  9.542582e-02  2.601732e+01  1.131847e+01  1.894831e+00  1.842072e+01  1.229216e+01  9.543562e+03  9.313923e+00  7.221737e-01  4.627855e+00  1.103039e+01  1.553417e+00  5.151775e+02  2.710623e-02  2.005295e+01 
    1    56  1.094387e+01  6.599399e-01  7.212163e-01  2.583862e+00  1.777573e+05  6.695290e+04  5.953677e+01  2.458786e+02  3.556760e+01  4.199165e+06  1.603969e+02  7.032666e+01  5.358444e+00  6.154693e+00  7.693871e-01  7.267355e+02  2.768704e+02  1.091540e+03 
    1    57  8.339097e+00  2.721024e-01  1.525497e-01  1.001511e+00  2.482403e+04  1.707366e+04  1.334630e+01  1.012422e+02  1.837710e+01  1.483377e+05  4.003883e+01  1.454939e+01  4.973898e+01  2.055223e+01  1.418253e-01  4.801896e+01  3.033707e-02  3.126996e+01 
    1    58  2.156278e+01  3.369120e-03  3.120914e-03  8.160147e-01  4.676428e+02  1.691566e+02  2.521011e+00  4.141502e+01  1.894900e+01  4.334215e+04  3.565991e+01  1.918192e+01  5.381706e+01  6.257200e+01  1.910525e+01  2.873982e+02  1.154690e-02  1.014841e+02 
    1    60  2.169949e+02  5.894222e-04  2.294686e-03  3.232904e-02  5.145941e+00  1.690977e+00  1.494851e+00  1.127629e+02  3.565922e+01  2.789065e+03  8.538441e-01  3.838526e-01  1.581437e+00  7.877142e-01  1.003610e-01  2.326585e+01  2.110797e-02  5.846775e+00 
    1    61  5.797119e+01  1.253148e-01  1.370642e-01  3.988324e-01  6.804562e+01  3.656877e+01  1.451946e+00  1.022666e+02  3.128471e+01  2.441568e+03  1.288415e+00  8.012448e-01  2.539908e+00  3.205002e+00  2.281429e-01  1.749226e+01  2.272164e-02  1.795409e+01 
    1    62  7.862378e+01  2.146409e-03  8.306036e-03  1.455825e-01  1.297882e+01  7.556524e+00  2.479088e+00  7.111362e+00  1.253647e+00  6.334506e+03  5.052900e+00  1.354635e+00  2.126716e+00  1.524528e+00  2.596425e-01  3.671301e+01  1.062203e-01  2.556086e+01 
    1    63  2.908150e+01  2.675760e-02  1.956248e-02  6.299525e-02  2.388789e+00  1.116817e+00  8.105022e+00  3.855571e+00  1.185493e+00  6.622264e+03  1.473923e+00  3.188693e-01  6.881373e-01  1.486387e+00  4.097677e-02  5.078541e+01  4.236513e-02  5.052084e+01 
    1    64  8.256621e+02  2.344914e-03  1.533557e-03  9.830002e-03  3.897638e-01  2.068327e-01  6.832061e-01  6.566803e-01  2.019495e-01  5.407441e+02  6.064595e-02  3.738360e-02  1.308924e-01  1.525689e-01  9.151399e-03  4.856861e-01  8.837919e-04  3.960937e-01 
    1    66  6.762990e+01  1.910016e-03  1.512292e-03  1.530892e-01  2.141380e+01  9.941227e+00  4.220722e-01  2.902351e+01  4.891542e+00  2.593102e+03  5.338634e+00  3.160484e+00  1.467404e+01  2.418139e+01  4.190405e-01  5.928918e+02  7.225772e-01  5.275824e+02 
    1    67  1.740415e+02  1.047733e-03  2.283450e-03  1.427148e-02  3.155220e+00  9.705041e-01  9.253595e-01  8.946322e+00  1.359788e+00  1.313666e+03  1.201633e+00  2.127981e-01  6.125324e-01  2.023382e+00  3.877111e-02  3.702791e+01  1.009269e-01  1.888155e+01 
    1    69  1.502667e+02  4.648943e-04  3.658084e-04  1.587009e-02  9.545580e-02  3.423030e-02  4.142229e-01  7.005441e+00  1.294647e+00  6.266403e+02  7.016952e-02  4.150753e-02  1.113491e-01  4.179246e-01  2.810082e-02  8.402072e+00  2.532475e-03  4.229063e+00 
    1    76  3.481111e+01  1.347399e-02  2.003728e-02  3.265468e-01  9.199478e+00  4.787476e+00  4.779849e+00  5.044548e+02  1.203646e+02  1.680911e+04  5.037240e+00  3.791504e+00  1.493588e+01  8.253827e+00  1.374545e+00  5.372263e+02  2.176268e-01  5.384113e+01 
    1    78  1.710622e+02  7.174565e-03  1.222413e-02  6.732912e-02  8.509096e+00  3.453636e+00  2.697586e+00  2.278435e+01  8.467134e+00  6.055741e+03  2.757863e+00  1.089562e+00  1.089180e+00  2.746663e+00  1.312758e+00  7.075768e+00  1.403467e-02  3.470513e+00 
    1    80  3.369033e+01  7.394537e-03  9.118237e-03  6.821554e-02  1.025675e+01  2.606323e+00  5.969279e+00  9.505480e+01  3.422366e+01  1.271855e+04  2.566429e+00  1.866418e+00  2.841081e+00  4.127805e+00  6.087749e-01  7.258838e+01  1.830987e-01  4.893768e+01 
    1    81  1.112623e+03  7.795466e-04  1.795647e-03  2.464897e-02  3.583874e+00  1.936350e+00  1.029818e-01  2.170030e+00  5.504304e-01  6.953389e+02  1.292283e+00  1.699745e-01  3.323022e-01  1.985710e+00  7.213528e-02  4.843319e+00  1.222784e-02  1.060344e+00 
    1    82  2.990131e+02  4.952320e-02  3.974527e-02  1.141598e-01  1.218127e+01  6.880250e+00  3.309423e-01  7.882536e+00  3.291652e+00  1.774586e+03  2.794522e-01  1.772288e-01  3.595479e-01  2.360783e-01  4.484965e-02  2.327340e+00  3.809138e-03  2.398780e+00 
    2     3  3.858075e+01  2.553433e-03  1.990596e-03  6.164007e-02  2.083161e+00  1.109164e+00  4.865303e+00  1.918690e+01  9.649638e+00  9.016554e+02  1.192914e+00  7.537589e-01  1.977637e+00  1.761303e+00  1.706867e-01  2.781613e+01  4.175458e-02  2.301464e+01 
    2     4  7.051211e+01  4.091499e-04  4.754710e-04  1.459197e-01  2.400173e+01  8.220502e+00  9.253239e-02  2.865587e+01  1.168529e+01  1.529712e+02  8.075316e+00  7.024091e-01  6.301639e+00  5.059678e-01  3.163942e-01  5.142589e+01  7.208896e-04  1.125311e+01 
    2     6  4.564384e+01  3.056930e-01  1.468197e-01  7.980928e-01  1.530716e+05  3.304483e+04  2.340670e+00  1.012712e+02  1.771012e+01  1.626771e+05  6.906485e+01  1.014064e+01  1.044957e+00  9.986557e-01  7.156180e-01  1.592566e+01  2.819771e-01  9.329730e+01 
    2     9  4.634046e+01  2.758965e-04  1.282606e-04  3.646764e-01  2.485937e+01  6.967883e+00  4.587249e-01  1.490382e+01  3.111049e+00  4.822315e+02  1.270635e+00  7.281254e-01  1.623707e+00  6.879061e-01  4.582442e-01  1.318755e+02  4.214703e-03  7.441497e+01 
    2    11  1.884214e+02  3.478322e-03  2.751632e-03  1.382391e-02  9.963520e-01  1.261746e-01  4.862724e-01  5.997472e-01  3.646935e-01  1.952551e+02  2.017788e-01  7.024613e-02  3.982000e-01  2.300170e-01  3.410810e-02  9.687052e+00  1.690061e-02  9.403665e+00 
    2    16  7.217727e+01  4.885644e-04  2.350523e-04  5.226705e-02  7.258786e+00  4.675673e+00  1.614814e-01  7.170499e+00  1.343221e+00  6.743615e+02  1.818598e+00  6.244206e-01  2.160199e+00  1.206028e+00  6.475138e-01  9.679660e+01  5.294018e-03  4.822885e+01 
    2    17  1.298939e+02  2.632641e-02  7.324729e-02  9.966031e-01  7.177554e+01  2.120690e+01  7.045587e-01  5.280882e+01  1.561538e+01  6.126308e+03  8.595208e+00  2.328077e+00  5.453012e+00  1.187177e+01  1.535527e+00  4.243558e+01  5.620191e-02  4.053045e+01 
    2    18  1.034355e+01  4.417815e-01  2.999197e-01  7.590799e-01  5.139966e+05  3.811894e+05  1.684062e+01  1.136926e+02  5.854014e+01  4.061206e+04  4.106228e+02  2.821090e+02  3.419844e+00  5.991614e-01  1.658028e-01  4.070547e+02  4.610293e-01  2.860669e+02 
    2    19  6.506550e+01  2.845466e-02  6.783042e-02  2.398217e-01  3.707198e+01  1.011367e+01  4.910756e+00  4.483320e+01  3.122734e+01  8.525051e+02  1.281256e+00  1.209191e+00  1.487467e+00  5.935375e-01  5.113995e-01  6.179192e+01  1.173711e-01  4.016778e+01 
    2    21  2.035387e+01  1.875169e-03  1.156830e-03  2.097785e-01  2.297530e+01  2.271677e+01  3.519153e-01  9.959824e+00  3.381773e+00  3.363241e+03  7.786360e+00  1.749743e+00  1.799809e+01  2.584009e+00  8.692569e-01  1.779629e+03  6.721578e-01  1.665806e+03 
    2    24  9.310965e+01  2.195878e-03  2.561619e-03  2.007864e-01  1.794330e+01  9.337709e+00  3.999226e-01  1.618904e+00  5.528862e-01  1.820629e+03  2.147778e+00  9.325213e-01  4.854343e+00  7.440121e+00  1.338443e+00  1.191350e+02  4.781441e-02  4.970289e+01 
    2    26  2.200656e+01  2.500187e-01  3.951882e-01  2.892926e+00  1.333532e+05  4.407435e+04  7.281140e+00  2.311948e+02  1.525739e+01  3.995343e+05  7.409255e+01  1.956936e+01  3.603910e+00  5.458506e+00  1.312277e-01  3.681143e+01  1.213089e+00  1.027588e+02 
    2    27  1.646971e+02  4.274496e-04  3.522497e-04  8.469562e-02  6.814342e+00  1.913009e+00  1.422124e-01  9.630593e+00  3.224871e+00  8.061081e+02  1.640512e+00  1.377565e+00  1.696890e+00  2.675594e+00  5.482741e-01  7.410224e+01  8.593720e-03  2.948031e+01 
    2    29  4.127772e+01  1.975664e-02  1.666805e-02  2.371562e-02  7.166453e+00  8.780644e-01  1.320394e+01  8.687922e+00  5.147193e+00  3.321822e+03  7.879072e-01  3.504583e-01  1.478375e+00  2.563992e-01  1.948860e-01  1.950584e+01  4.158639e-02  9.662634e+00 
    2    30  3.306975e+01  7.869910e-04  2.280601e-03  2.177681e-02  1.538593e-01  7.941752e-02  7.496097e+00  2.471900e+01  3.669642e+00  2.970070e+04  1.622767e+00  1.700634e-02  2.676365e+00  1.806326e+00  2.052762e-01  3.002050e+02  9.502874e-01  4.591764e+01 
    2    31  6.470364e+01  1.123593e-03  1.132841e-03  2.717666e-01  1.711761e+01  1.155507e+01  4.492784e-01  1.225532e+01  4.792692e+00  2.103908e+03  4.046637e+00  2.641127e+00  7.659065e+00  4.419295e+00  2.167932e+00  4.270092e+01  4.051437e-03  2.126555e+01 
    2    35  8.877015e+00  1.334664e+00  1.082511e+00  2.918550e+00  1.205773e+06  7.621630e+05  1.137842e+01  4.711380e+02  1.575837e+02  1.141619e+05  7.946079e+02  5.072928e+02  1.489151e+01  1.269884e+01  9.287527e-01  4.577172e+02  7.059188e-01  1.964436e+02 
    2    36  5.634588e+01  3.252927e-01  2.448684e-01  1.351294e+00  2.592359e+02  7.325501e+01  1.163583e+01  4.913757e+01  2.261958e+01  1.811155e+04  1.577445e+00  7.148390e-01  1.814016e+00  1.780724e+00  3.650352e-01  8.812625e+00  1.410869e-02  1.076170e+01 
    2    37  2.423325e+01  6.950215e-02  4.904214e-02  4.104228e-01  1.238489e+01  4.841392e+00  1.338595e+01  3.156266e+01  2.167092e+01  1.016051e+04  4.438259e+00  7.347571e-01  8.173794e+00  5.621157e+00  4.190407e-01  4.528482e+01  7.123807e-02  3.082286e+01 
    2    38  1.071337e+02  7.389863e-04  5.769404e-04  2.131737e-01  3.018576e+01  9.350869e+00  2.076896e-01  2.163122e+01  4.789432e+00  2.531183e+03  5.069035e+00  2.503084e+00  4.272540e+00  6.202166e+00  2.475007e+00  1.093175e+02  1.950994e-02  7.470494e+01 
    2    40  1.559967e+02  1.187211e-03  5.074139e-03  6.479740e-02  8.270962e+00  3.786686e+00  1.068288e+00  6.576083e+01  1.150079e+01  3.332098e+03  3.386696e+00  4.448244e-01  6.656588e+00  1.368388e+00  1.055142e-01  8.307049e+01  1.047768e-01  2.283494e+01 
    2    43  2.830914e+02  6.672177e-04  4.713053e-04  8.246930e-02  4.023501e+00  1.540204e+00  1.333251e-01  3.347080e+00  6.496288e-01  4.759967e+02  9.273176e-01  7.501123e-01  1.278349e+00  9.029866e-01  6.354642e-01  6.444553e+01  4.281754e-02  3.501932e+01 
    2    45  9.077740e+01  6.770255e-03  1.257855e-02  1.819589e-01  2.011130e+01  1.217789e+01  2.482357e+00  2.184176e+01  1.349030e+00  4.679303e+02  2.669177e+00  1.612979e+00  4.430098e+00  4.295124e+00  4.774160e-01  4.086094e+01  6.343580e-02  1.733552e+01 
    2    50  4.670476e+01  1.266141e-03  1.271120e-03  6.420422e-02  1.688565e+01  1.495643e+01  1.507802e+00  2.624244e+02  2.119405e+01  1.752150e+03  4.629640e+00  1.462691e+00  4.864012e+00  5.160759e+00  1.744064e+00  3.388920e+02  3.283939e-02  7.507351e+01 
    2    52  1.059225e+02  3.069587e-04  2.186199e-04  2.871476e-02  9.495253e+00  3.461761e+00  2.099290e-01  3.713822e+00  1.016765e+00  1.287628e+03  3.399741e+00  1.142485e+00  8.877581e+00  3.105342e+00  6.724843e-01  5.620546e+01  1.938023e-03  2.204991e+01 
    2    53  7.174244e+01  1.981437e-03  1.620304e-03  7.903897e-02  5.383254e+00  3.684052e+00  7.565870e-01  4.582107e+00  3.950125e+00  2.893080e+03  2.318480e+00  7.757498e-01  2.780989e+00  2.355424e+00  6.751004e-01  1.465392e+01  2.934546e-02  1.388879e+01 
    2    57  9.786216e+01  3.115326e-03  4.824784e-03  1.772325e-01  5.830522e+01  4.911954e+01  6.354131e-01  2.417318e+02  1.789290e+02  3.108375e+03  4.050849e+00  3.282512e+00  4.064607e+00  4.893468e+00  3.051963e+00  1.217220e+02  1.827900e-01  5.644892e+01 
    2    59  1.630144e+01  4.790154e-01  3.525810e-01  6.535858e-01  2.784072e+02  6.671002e+01  4.070523e+00  1.065987e+02  5.379427e+01  3.196116e+04  2.959365e+00  1.373232e+00  5.280171e+00  1.816006e+00  3.564687e-01  5.794990e+01  5.221670e-02  5.987337e+01 
    2    60  7.588909e+01  1.430999e-03  1.192311e-03  2.646474e-02  1.936553e+00  8.203774e-01  7.935430e-01  2.483864e+01  1.360571e+01  3.830218e+02  3.694051e-01  2.048901e-01  1.036527e+00  8.816286e-01  4.729967e-02  1.356559e+01  1.657365e-02  1.231259e+01 
    2    62  2.007615e+01  4.327868e-01  2.914047e-01  3.302651e+00  2.233635e+05  3.151662e+04  8.726417e+00  1.446673e+02  3.275649e+01  1.678293e+05  1.115687e+02  1.129921e+01  1.527196e+00  1.275274e+00  9.728997e-01  2.618455e+01  6.594719e-01  6.164685e+01 
    2    63  1.953433e+02  3.261324e-04  4.717552e-06  1.133838e-01  1.308943e+00  2.027958e-01  2.116821e-01  1.006422e+01  2.027592e+00  7.776013e+01  1.377778e+00  1.129542e-01  5.339464e-01  1.228794e+00  3.225041e-02  7.855716e+02  1.592028e-02  9.108543e+00 
    2    66  1.228514e+01  3.819804e-01  2.392305e-01  3.087086e-01  1.177457e+06  3.001602e+05  5.671901e+01  2.521906e+02  5.156044e+01  2.913534e+05  5.943674e+02  1.049219e+02  3.446023e+00  1.437655e+00  1.183039e+00  2.021498e+02  1.270868e-01  3.006168e+02 
    2    68  6.935607e+01  1.194981e-02  1.716156e-02  2.089133e-01  1.345321e+00  3.387461e-01  2.349354e+00  1.841161e+00  1.640390e+00  1.042338e+03  1.243603e+00  5.394545e-01  6.413552e-01  9.698783e-01  2.843443e-01  1.058535e+01  9.462164e-02  6.387904e+00 
    2    69  3.524571e+01  4.231390e-03  1.165036e-02  5.571318e-02  6.958012e-01  3.516964e-01  5.820788e+00  6.996615e+01  2.565411e+01  1.869552e+04  9.045282e-01  3.643108e-01  1.625899e+00  7.796680e-01  2.223617e-01  7.403815e+02  1.493660e+00  6.387581e+01 
    2    72  1.770648e+02  1.540707e-03  1.266466e-03  3.455090e-02  1.460775e+01  8.332150e+00  3.695010e-01  1.920833e+01  1.545889e+01  4.726306e+03  5.304614e-01  4.006310e-01  6.478808e-01  8.657838e-01  2.691317e-01  1.129474e+01  4.446056e-02  9.893475e+00 
    3     4  1.766098e+01  1.516337e-02  1.933889e-02  3.744623e-01  3.024137e+01  2.016219e+01  8.107885e+00  3.805143e+02  2.056779e+02  3.293001e+04  2.163665e+00  1.380640e+00  5.997361e+00  1.629301e+00  1.013329e+00  1.467869e+02  4.173928e-01  1.290795e+02 
    3     6  5.568125e+01  1.251367e-04  1.072489e-04  1.726679e-01  8.845059e+01  2.691219e+01  9.945748e-02  3.614894e+00  7.340326e-01  8.996508e+02  1.257255e+00  4.903803e-01  2.576956e+00  2.563474e+00  3.969051e-01  2.989631e+01  1.205196e-03  4.750557e+01 
    3     7  3.251556e+02  8.332947e-03  1.602096e-02  1.931489e-01  1.567680e+01  1.172340e+01  7.091519e-01  1.443598e+01  4.318462e+00  4.541928e+03  1.994029e+00  6.340427e-01  4.900290e+00  5.161697e+00  5.391049e-01  7.339018e+00  1.604943e-02  6.297303e+00 
    3    12  3.448939e+01  1.409820e-01  5.847818e-02  8.728215e-01  9.480362e+04  2.583305e+04  3.536920e+01  3.163989e+01  1.418748e+01  4.038213e+04  9.935104e+01  1.015901e+01  1.585570e+00  6.660454e+00  4.018126e-01  9.899710e+01  1.668741e-02  4.734575e+01 
    3    13  2.515794e+02  1.486686e-03  4.695559e-03  5.219021e-02  1.050242e+01  5.579191e+00  2.384825e+00  4.462807e+01  2.345354e+01  6.774907e+03  6.290548e-01  1.967441e-01  6.413624e-01  9.074827e-03  6.022755e-03  7.109029e+00  1.856347e-02  4.454836e+00 
    3    16  1.235148e+02  3.557497e-03  2.755070e-03  1.278291e-02  8.011093e-02  5.982023e-02  3.769556e+00  1.510439e-01  6.731893e-02  3.240832e+03  9.221862e-02  6.927754e-02  1.278671e-01  6.872011e-02  3.463865e-02  2.655898e+00  3.518004e-03  1.376659e+00 
    3    17  1.266176e+01  1.721902e-01  9.309791e-02  2.752571e-01  9.308108e+03  6.490830e+02  4.005992e+01  2.361791e+01  6.422736e+00  2.548293e+06  8.587466e+00  1.279124e+00  1.949839e+00  5.301049e-01  3.929447e-01  3.026376e+01  2.994659e-02  2.603600e+01 
    3    18  7.256014e+01  1.686574e-03  7.622159e-04  2.669278e-01  2.318703e+01  1.363814e+01  7.179104e-01  4.290336e+00  1.295986e+00  2.220380e+03  2.900155e+00  1.123581e+00  4.473938e+00  1.479341e+01  3.990622e-01  3.724857e+02  2.084321e-03  1.729758e+01 
    3    19  2.367125e+02  6.330619e-04  9.290980e-04  2.371112e-02  1.948626e+00  8.386320e-01  3.961641e-01  1.020456e+01  3.945529e+00  1.531188e+03  7.338472e-01  6.518873e-01  7.222402e-01  8.158048e-01  4.883801e-01  2.324132e+01  2.294467e-02  9.928362e+00 
    3    22  8.463602e+02  3.980000e-04  7.874753e-04  9.882610e-03  7.313816e-01  4.599048e-01  2.752145e-01  1.972633e+01  3.028260e+00  4.474246e+02  1.621758e-01  1.032848e-01  1.747007e-01  2.204538e-01  2.296610e-02  2.074447e+00  2.579674e-03  1.072910e+00 
    3    24  8.568923e+01  7.128905e-04  2.946038e-03  8.853889e-02  1.674987e+01  2.902728e+00  1.491545e+00  1.106860e+02  8.527769e+00  9.150232e+03  4.495644e+00  2.033878e+00  3.850783e+00  4.597620e+00  1.056114e+00  2.581364e+02  2.074255e-02  3.009892e+01 
    3    25  1.524763e+02  2.146333e-04  1.665216e-04  5.806297e-02  5.844140e-01  4.500041e-01  1.405566e-01  1.447482e+02  1.284303e+01  1.294300e+03  1.340160e+00  2.498195e-01  9.930223e-01  2.574066e+00  7.407866e-01  2.966574e+00  8.793952e-03  2.976482e+00 
    3    26  7.070415e+01  5.559120e-02  3.414729e-02  5.730372e-02  5.367520e+04  1.424476e+04  3.759502e+00  2.233865e+01  2.388144e+00  1.974389e+04  3.382235e+01  1.193264e+01  3.349245e-01  2.148219e-01  1.628779e-01  3.355592e+02  1.100743e-02  5.658655e+01 
    3    28  1.745098e+02  3.348542e-03  1.370752e-02  1.152274e-01  1.682410e+01  7.908274e+00  6.964229e-01  4.181400e+01  8.617227e+00  9.839634e+03  1.159140e+01  9.042018e-01  7.552134e+00  1.310062e+01  2.406222e+00  1.327903e+01  5.114943e-02  8.423084e+00 
    3    30  3.974696e+01  2.241244e-01  1.398460e-01  4.367427e-01  4.335587e+02  1.430385e+02  1.918051e+00  4.330402e+01  8.903818e+00  6.287040e+04  8.984013e-01  8.440399e-01  1.461216e+00  1.157342e+00  3.851211e-01  8.475242e+00  1.148466e-02  9.670529e+00 
    3    32  6.541381e+01  3.574679e-04  3.266178e-04  1.338714e-01  1.378102e+01  3.881508e+00  1.224502e-01  3.934457e+00  2.427695e+00  7.532149e+02  1.813698e+00  2.125370e-01  2.677733e+00  8.519359e-01  1.800626e-01  4.499134e+01  6.650904e-03  4.471805e+01 
    3    36  8.379318e+01  5.696922e-03  1.118216e-02  7.808878e-02  1.851012e+01  5.659934e+00  4.097593e+00  7.473208e+01  3.660856e+01  8.217911e+03  1.160777e+00  8.528919e-01  2.340058e+00  9.691073e-01  5.313782e-01  2.565326e+01  5.788280e-02  1.458847e+01 
    3    37  1.106521e+02  1.760966e-04  1.638267e-04  2.808013e-02  4.924998e+00  3.161492e+00  6.345394e-02  1.866325e+00  5.958560e-01  4.012743e+02  2.745940e+00  1.304641e-01  5.286431e+00  7.223743e-02  3.542550e-02  1.048886e+01  1.428105e-03  1.011296e+01 
    3    38  2.388862e+01  3.288395e-03  3.336359e-03  1.000481e+00  2.433423e+01  1.703473e+00  1.737398e+00  5.216678e+01  8.027202e+00  4.110445e+03  3.877483e+00  2.543626e+00  8.826544e+00  3.716955e+00  1.797061e+00  3.246249e+02  3.883106e-02  8.507394e+01 
    3    43  2.396777e+01  1.117771e-01  8.361970e-02  1.550924e-01  9.021129e+02  2.434650e+02  1.245643e+01  7.987988e+02  1.196018e+02  2.840259e+04  2.048330e+00  5.738786e-01  2.472165e+00  2.022283e+00  4.117757e-01  2.792147e+01  3.481009e-02  3.298929e+01 
    3    46  1.776462e+02  5.459764e-02  2.623438e-02  1.512812e-01  8.892477e+04  1.276349e+04  3.055076e+00  2.294067e+01  7.492303e+00  8.800445e+03  4.436770e+01  4.660791e+00  4.139310e-01  4.211529e-01  6.830560e-02  1.265338e+01  3.186889e-03  2.147662e+01 
    3    48  2.844521e+01  8.383361e-04  7.634410e-04  4.636543e-01  5.261828e+00  2.851527e+00  5.414225e-01  3.656914e+01  1.386273e+01  4.278092e+03  3.721672e+00  7.716105e-01  1.863860e+00  9.125964e-01  2.080731e-01  3.219424e+01  5.309712e-03  2.218227e+01 
    3    49  9.982155e+01  2.064083e-03  4.276222e-03  7.361696e-02  6.806004e+00  1.673315e+00  2.603482e+00  2.028736e+02  1.552765e+02  1.174991e+04  2.173795e+00  9.677445e-01  2.306745e+00  2.823042e+00  3.761706e-01  5.409458e+01  1.830064e-01  3.751942e+01 
    3    51  3.511900e+01  3.560771e-03  6.388158e-03  2.423859e-01  9.905748e+00  4.699576e+00  8.942726e-01  3.829696e+01  7.416834e+00  4.730411e+03  4.874826e+00  1.030295e+00  9.690884e+00  8.195207e+00  3.043140e+00  2.330389e+02  1.499194e-01  7.726465e+01 
    3    55  8.696024e+01  4.659117e-02  3.814794e-02  1.587285e-01  3.856210e+01  1.509442e+01  2.548716e+00  2.732804e+01  1.650564e+01  3.040666e+03  9.793079e-01  6.436924e-01  1.679425e+00  1.639084e+00  5.226044e-01  8.468833e+00  1.095173e-02  8.845157e+00 
    3    56  1.994908e+02  8.083092e-04  1.317159e-03  3.437955e-02  3.692164e+01  3.005608e+01  6.927565e-01  1.809655e+01  5.089413e+00  1.184115e+03  1.917131e+00  6.082515e-01  2.014229e+00  1.192484e+00  4.473858e-01  6.394725e+01  4.198270e-02  2.043622e+01 
    3    57  2.025341e+02  2.454598e-02  3.278630e-02  2.049495e-01  1.752364e+01  9.310339e+00  9.734457e-01  3.401208e+01  2.489385e+01  3.852977e+03  6.397247e-01  4.961096e-01  3.212213e-01  3.427487e-01  1.912776e-01  1.294660e+01  1.166521e-02  1.249489e+01 
    3    60  4.739367e+01  5.123223e-03  4.717796e-03  1.460488e-01  9.364471e+00  8.998688e-01  3.893212e+00  8.246563e+02  4.001532e+01  7.837450e+03  2.021739e+00  7.948779e-01  1.584448e+00  4.202138e-01  2.188127e-01  6.717499e+01  5.939143e-02  3.055309e+01 
    3    62  4.632219e+01  6.848806e-03  6.075772e-03  4.085718e-02  1.246752e+00  2.405496e-01  6.176273e+00  1.069794e+01  1.983576e+00  1.113512e+03  7.542091e-01  4.064842e-01  2.369337e+00  6.660745e+00  3.873969e-02  6.783747e+01  2.146480e-01  2.775426e+01 
    3    65  4.196738e+01  1.655638e-02  2.173664e-02  1.516949e-01  2.062356e+01  6.102210e+00  3.526607e+00  1.182457e+02  4.036794e+01  1.210089e+03  1.945358e+00  7.199099e-01  4.989740e+00  1.939980e+00  1.113769e+00  2.335668e+01  7.864339e-02  1.646506e+01 
    3    69  1.375102e+02  5.697655e-05  5.335683e-05  1.827656e-01  5.089844e+00  1.907613e+00  7.198231e-02  2.598667e+00  8.249838e-01  1.496931e+03  2.607486e+00  7.936093e-01  4.280900e+00  4.062825e+00  1.084991e+00  1.312373e+01  3.594971e-03  1.290826e+01 
    4     5  9.778144e+01  2.215222e-03  2.025326e-03  3.581953e-02  2.056539e+00  1.164497e+00  1.126732e+00  2.698075e+01  1.335311e+01  3.220941e+02  6.126895e-01  4.580354e-01  7.391568e-01  5.007354e-01  3.904318e-01  1.155306e+01  4.361994e-02  1.046117e+01 
    4    10  1.243370e+02  3.369890e-04  6.271580e-04  3.445222e-02  5.998453e+00  1.075425e+00  2.162774e-01  8.045032e+00  1.271702e+00  7.393753e+02  9.285768e-01  5.731479e-01  1.368854e+00  3.472600e+00  7.097395e-02  5.525847e+01  2.205889e-03  1.163370e+01 
    4    15  5.834035e+01  2.249727e-04  1.334673e-04  2.898112e-01  5.736388e+00  2.611037e+00  7.872333e-02  5.999185e-01  2.687888e-01  4.517125e+02  7.962487e-01  1.672505e-01  1.609733e+00  8.106197e-01  2.811941e-01  6.862347e+01  1.213360e-03  3.553400e+01 
    4    18  1.381456e+03  5.707393e-04  1.543475e-03  1.351350e-02  2.347484e+00  2.160358e-01  7.702307e-02  7.064052e-01  2.598466e-01  3.500137e+02  9.368951e-02  6.583790e-02  1.991688e-01  1.296364e-01  2.532180e-02  1.891739e+00  5.684766e-03  1.477073e+00 
    4    25  3.690247e+01  1.126157e-02  1.955942e-02  1.088519e-01  2.320890e+01  7.585179e+00  2.336240e+01  2.371167e+01  1.703746e+01  2.016159e+03  2.567226e+00  1.928838e+00  1.564613e+00  1.321527e+00  9.727402e-01  5.212371e+01  5.397651e-02  4.080114e+01 
    4    26  2.113679e+02  2.922100e-04  1.727235e-04  4.199985e-02  6.071204e+00  2.309800e+00  8.857790e-02  8.161138e+00  1.198836e+00  3.221469e+02  2.035884e+00  1.055461e+00  1.796430e+00  4.877140e-01  2.003542e-01  4.755211e+01  5.501440e-03  3.374672e+01 
    4    27  6.056539e+01  1.585569e-02  2.306546e-02  8.581464e-02  1.718444e+01  4.834030e+00  1.885781e+00  4.954339e+01  2.485624e+01  1.614255e+03  2.152490e+00  1.010370e+00  1.541360e+00  2.422483e+00  1.181000e+00  1.886441e+01  6.535156e-02  1.249634e+01 
    4    29  2.903020e+04  4.009784e-06  3.347392e-06  2.697344e-04  1.060196e-02  3.572729e-03  5.866953e-03  6.713634e-02  3.281325e-02  2.184805e+00  2.782896e-03  2.271995e-03  7.143969e-03  4.065359e-03  1.817706e-03  6.691403e-02  1.372336e-05  3.142479e-02 
    4    32  2.266610e+02  1.311101e-03  1.083172e-03  1.013729e-01  3.461836e+00  1.687815e+00  4.082320e-01  1.348583e+01  3.451774e+00  9.266161e+02  1.868431e+00  8.930117e-01  2.683583e+00  9.539654e+00  2.054909e-01  1.604649e+01  8.999451e-03  6.660447e+00 
    4    40  5.038592e+01  3.199558e-03  5.012723e-03  7.289498e-02  7.413016e-01  2.329424e-01  3.021310e+00  4.822843e+00  7.958047e-01  1.649323e+02  8.060904e-01  2.128499e-01  1.324578e+00  1.481676e+00  1.340279e-02  3.049034e+01  8.264866e-02  1.211029e+01 
    4    46  4.651491e+01  5.240357e-03  5.411774e-03  6.686826e-02  7.449817e+00  1.744941e+00  1.933001e+00  4.447342e+01  2.822445e+01  1.450128e+04  1.134006e+00  5.680233e-01  2.637671e+00  1.123756e+00  2.333399e-01  2.477253e+01  4.226726e-02  2.139063e+01 
    4    53  1.173286e+02  1.158429e-03  1.251294e-03  2.033180e-01  8.601571e+00  6.653741e+00  2.211537e-01  5.642180e+00  3.075765e+00  1.065003e+03  3.904891e+00  1.883787e+00  4.035979e+00  3.570184e+00  1.697264e+00  2.272751e+01  5.416761e-02  2.216490e+01 
    4    56  1.409584e+02  2.076493e-03  2.118538e-03  1.143047e-01  6.570396e+00  4.289451e+00  1.630509e-01  4.121360e+00  2.150986e+00  1.125751e+03  2.075228e+00  1.271187e+00  4.620090e+00  4.532448e+00  3.580007e-01  2.555411e+01  3.335929e-02  2.133004e+01 
    4    57  6.343178e+01  6.793046e-03  9.279503e-03  5.006711e-01  4.266823e+00  4.729059e-01  2.986869e+00  8.386402e+01  2.262438e+01  1.210301e+03  1.123602e+00  7.077514e-01  3.480031e+00  8.938239e-01  3.466464e-01  8.400841e+01  7.940236e-02  1.642867e+01 
    5     4  1.052127e+02  5.193431e-02  3.551032e-02  4.852448e-02  2.077344e+02  1.026142e+02  9.582780e-01  6.469760e+00  2.000354e+00  9.233426e+03  1.064611e+01  2.725121e+00  3.200855e-01  3.738690e-01  1.130403e-01  2.016860e+02  3.801969e-01  2.023179e+02 
    5     6  1.052904e+02  8.826470e-04  1.615121e-03  6.108179e-02  1.120854e+01  5.176816e+00  5.535916e-01  6.537018e+01  4.468035e+00  1.259472e+03  3.099275e+00  1.398684e+00  1.769591e+00  2.689104e+00  1.516834e+00  1.491183e+02  1.899750e-02  2.103737e+01 
    5     8  7.226866e+01  2.046647e-02  1.338140e-02  3.058727e-02  1.908527e-01  1.657301e-01  9.129820e+00  2.873321e-01  1.455155e-01  2.237953e+03  2.112777e-01  1.998507e-01  2.171591e-01  1.633597e-01  4.264120e-02  5.065839e+00  1.328161e-02  3.974111e+00 
    5    10  1.439846e+01  2.668300e-01  3.742153e-01  6.266318e+00  1.466953e+06  5.852932e+05  1.581081e+02  4.477139e+02  1.945054e+02  3.905873e+05  1.356784e+03  4.433086e+02  3.379065e+01  1.217180e+01  1.116472e+00  5.580008e+02  6.984122e-01  6.536823e+02 
    5    11  5.650542e+01  1.007032e-03  8.577070e-04  1.277168e-01  1.156169e+00  1.494553e-01  2.915642e-01  4.115956e+01  8.994156e+00  5.664167e+01  5.257769e-01  4.607169e-01  1.484719e+00  3.090360e-01  6.432677e-02  1.805574e+01  8.639625e-03  1.308982e+01 
    5    13  1.148926e+02  1.322558e-03  1.289746e-03  2.484270e-01  5.295878e+00  9.083963e-01  7.988906e-01  2.518472e+01  8.113492e+00  1.443021e+03  1.431894e+00  6.816619e-01  1.839139e+00  2.090864e+00  9.381125e-01  1.737037e+02  9.829997e-03  2.423855e+01 
    5    15  1.355327e+02  7.085823e-03  6.440887e-03  5.609600e-02  7.807177e-01  2.961452e-01  1.406277e+00  3.209607e+01  9.537618e+00  5.260287e+03  6.468735e-01  4.695906e-01  1.429097e+00  1.888281e+00  4.365949e-02  8.669016e+00  4.476091e-02  4.206304e+00 
    5    16  1.380626e+02  2.165646e-03  4.703039e-03  4.307766e-02  3.975073e-01  1.185931e-01  2.088877e+00  2.990152e+00  3.001194e-01  1.973772e+02  5.877504e-01  1.493563e-01  2.250954e-01  3.646754e-01  3.181231e-02  1.669205e+01  3.035042e-02  7.370594e+00 
    5    17  2.544943e+01  3.017387e-03  1.476539e-02  6.915288e-01  5.575467e+01  1.338372e+01  2.678965e+00  2.154729e+02  1.055316e+02  5.623203e+03  1.527496e+01  4.000943e+00  3.924932e+01  8.382447e+00  2.499160e+00  7.811916e+02  1.963037e-01  1.428853e+02 
    5    19  1.224389e+02  3.947757e-03  1.185515e-02  1.294171e-01  1.374094e+01  1.175993e+01  2.975590e+00  2.423041e+01  9.375170e+00  7.368014e+03  1.480843e+00  1.118704e+00  1.981729e+00  1.364520e+00  4.614256e-01  1.739048e+01  3.779626e-02  9.849848e+00 
    5    20  3.624376e+01  2.110825e-01  1.501351e-01  4.653681e-02  8.426241e+00  1.548254e+00  9.443294e+00  4.428862e+00  4.044607e+00  1.324806e+04  9.206185e-01  6.089925e-01  9.004910e-01  2.318246e+00  1.044792e-01  5.381314e+01  4.114262e-02  4.682458e+01 
    5    22  8.636021e+01  3.683817e-03  5.000383e-03  1.670294e-01  4.715350e+00  8.077535e-01  9.385142e-01  6.275671e+01  6.431724e+00  4.450696e+03  1.769803e+00  2.399961e-01  2.019231e+00  3.627084e+00  1.450281e-01  1.573746e+02  8.014811e-02  1.919890e+01 
    5    23  1.128984e+02  6.809571e-04  9.134970e-04  5.653394e-02  4.198309e+00  1.516411e-01  1.701255e+00  2.953730e+01  6.987948e+00  2.612624e+03  1.892778e+00  1.677298e-01  9.981834e-01  6.906399e-01  5.828776e-02  4.538854e+02  7.756194e-03  2.488339e+01 
    5    25  3.559164e+01  8.115505e-03  1.952820e-02  1.499332e-01  3.684491e+01  4.346675e+00  9.733966e+00  4.414849e+01  1.178952e+01  2.684050e+04  2.107397e+00  1.077175e+00  4.800821e+00  9.097629e-01  7.966720e-01  1.022827e+02  2.603560e-01  5.646651e+01 
    5    26  1.280573e+01  6.264162e-03  5.078345e-03  8.110522e-02  4.141129e-01  3.458550e-01  3.366752e+00  1.010809e+01  1.041484e+00  8.204446e+02  6.746488e-01  2.590307e-01  6.041966e+00  4.147504e-01  2.025541e-01  5.420209e+01  6.830147e-02  3.256433e+01 
    5    27  1.618084e+02  3.937618e-02  3.026628e-02  1.252668e-01  7.553593e-01  1.940473e-01  1.598454e-01  1.028633e+00  6.779721e-01  8.844404e+02  3.249179e-01  1.798476e-01  4.389765e-01  2.359100e+00  8.580496e-03  2.448492e+00  5.111049e-03  2.349120e+00 
    5    28  5.897765e+01  2.702046e-03  1.912499e-03  1.354888e-01  1.441619e+01  6.697616e+00  2.494159e-01  2.182789e+01  5.519650e+00  2.083577e+03  4.099324e+00  1.873361e+00  1.038690e+01  7.506899e+00  1.488293e-01  2.441087e+02  8.525454e-02  9.967311e+01 
    5    29  9.467544e+00  2.903036e-01  2.338341e-01  9.566264e-01  1.919248e+02  1.439755e+02  6.866948e+00  3.092623e+02  2.206124e+02  1.021685e+05  1.219643e+00  1.173014e+00  3.751554e+00  1.076453e+00  6.096268e-01  4.757486e+01  8.849773e-02  5.524207e+01 
    5    31  2.162093e+02  5.243575e-04  4.359032e-04  2.195146e-02  5.523752e-01  2.402390e-01  9.699795e-01  7.925703e+01  1.527756e+01  1.175812e+02  1.136208e+00  4.861111e-02  7.265272e-01  1.650488e+00  4.474091e-02  5.669864e+00  1.163378e-02  3.873102e+00 
    5    36  1.375924e+02  1.694794e-02  1.832591e-02  4.918140e-01  2.794440e+01  1.201633e+01  1.289231e+00  1.639198e+01  2.942930e+00  4.260421e+03  7.058808e+00  7.389746e-01  1.007304e+01  1.468775e+01  3.953357e-01  1.849368e+01  6.665712e-02  1.829834e+01 
    5    37  3.865709e+01  6.580893e-03  5.640562e-03  5.590750e-02  1.064123e+00  4.833584e-01  9.994629e+00  3.963465e+00  1.294922e+00  1.148449e+03  1.074067e+00  4.732566e-01  1.059091e+00  3.755565e+00  2.676134e-01  1.954599e+01  1.137338e-01  1.571419e+01 
    5    39  1.306758e+02  6.733268e-04  5.734503e-04  6.786930e-02  4.344967e+00  1.817318e+00  1.962072e-01  1.910402e+00  6.394875e-01  7.944901e+02  1.024190e+00  1.000092e+00  2.256788e+00  1.534355e+00  1.106709e+00  3.054877e+01  7.767044e-03  2.333431e+01 
    5    40  1.036309e+01  1.654788e-02  1.340530e-02  1.944276e-01  2.071942e+01  9.501520e+00  1.214022e+01  3.993510e+01  2.737874e+01  1.122603e+05  6.076242e+00  7.613128e-01  3.590160e+00  1.675561e+00  1.985670e-01  5.510425e+01  4.884414e-02  1.014697e+01 
    5    43  3.924107e+02  2.350164e-03  3.332051e-03  2.948200e-02  5.083783e+00  2.034976e+00  1.231902e+00  9.212848e+00  6.368279e+00  2.265430e+03  3.351350e-01  1.881467e-01  3.163549e-01  2.710812e-01  1.414117e-01  5.187167e+00  1.168619e-02  4.289133e+00 
    5    48  1.480702e+02  1.576523e-02  1.420848e-02  8.509630e-02  2.934037e+01  2.079467e+01  1.264400e+00  6.623332e+01  4.472297e+01  1.189406e+04  1.267713e+00  4.191658e-01  1.000613e+00  2.218964e+00  2.466104e-01  8.033190e+00  1.511442e-02  6.124371e+00 
    5    49  1.087460e+02  2.667614e-03  3.083432e-03  3.937809e-02  7.010374e-01  1.426841e-01  9.695035e-01  9.386126e-01  2.981905e-01  1.657031e+02  6.045149e-01  1.678057e-01  4.675087e-01  1.050695e+00  3.762391e-02  1.082472e+01  8.837345e-02  5.136831e+00 
    5    50  4.558201e+01  2.018536e-03  1.383294e-03  2.459797e-01  1.045697e+01  3.262307e+00  3.023788e-01  6.175309e+00  2.398179e+00  1.428539e+03  2.397933e+00  1.582369e+00  6.571998e+00  2.478724e+01  1.683291e-01  1.592808e+02  3.333003e-02  7.964014e+01 
    5    54  3.258256e+01  4.280918e-01  3.114257e-01  8.393482e-01  2.140886e+04  1.409766e+04  8.255284e+00  1.688806e+02  3.900820e+01  4.852133e+04  1.829043e+01  6.278020e+00  6.838326e+00  4.397607e+00  7.902384e-01  4.368039e+01  3.048661e-02  2.345955e+01 
    5    55  2.154891e+02  1.777593e-04  1.434780e-04  1.340264e-02  1.379140e+00  4.905438e-01  9.082143e-02  2.193466e+00  2.029195e-01  4.655421e+02  4.102130e-01  1.609207e-01  1.394000e+00  1.290150e+00  8.140502e-02  5.108770e+00  2.093336e-03  4.865582e+00 
    5    56  2.557912e+01  1.159720e-01  6.972442e-02  5.044999e-02  1.534435e+02  1.267651e+02  4.143457e+00  3.665974e+00  3.421839e-01  2.675557e+05  7.335089e+00  5.783259e+00  7.054470e-01  3.913566e-01  1.722132e-01  1.993863e+02  1.472935e-01  2.000758e+02 
    5    57  6.345398e+01  2.389086e-02  2.180675e-02  9.012465e-02  1.248700e+01  2.497446e+00  1.422183e+01  2.724319e+01  1.127004e+01  2.384676e+03  3.968197e+00  2.196623e+00  2.372970e+00  3.691986e+00  5.189474e-01  3.712957e+01  3.913983e-02  2.494655e+01 
    5    58  7.722053e+01  1.312797e-03  1.016526e-03  4.830552e-02  2.831248e-01  7.063036e-02  8.739744e-01  1.079447e+01  1.383800e+00  9.805426e+01  1.889344e-01  7.125920e-02  4.069852e-01  2.127603e-01  8.987854e-02  1.258300e+01  1.363989e-02  7.504816e+00 
    5    60  1.109826e+02  3.530015e-04  2.656677e-04  4.589140e-02  1.234481e+01  1.018673e+01  5.322619e-02  6.029643e+00  3.903767e+00  7.134527e+01  4.631753e+00  9.026070e-01  3.586453e+00  7.667626e-01  3.098732e-01  4.301445e+01  1.764211e-03  1.766660e+01 
    6     6  3.362541e+02  3.938335e-04  1.284108e-03  1.585381e-02  4.265253e+00  3.302015e-01  5.047623e-01  3.112778e-01  1.928358e-01  1.262654e+03  2.147578e-01  1.788940e-01  3.077918e-01  3.758982e-01  1.073603e-01  2.610255e+01  3.237384e-02  9.763349e+00 
    6     7  3.406643e+02  8.466690e-04  8.325148e-04  3.927795e-02  7.943929e+00  6.863633e+00  8.463202e-02  1.117089e+00  9.877852e-01  6.718757e+02  5.351020e-01  3.083131e-01  7.242562e-01  4.225432e-01  9.248784e-02  1.026417e+01  2.885153e-02  9.425231e+00 
    6     8  2.536884e+01  5.285790e-02  3.631398e-02  1.490924e-01  1.374787e+00  4.850244e-01  3.300811e+00  2.618216e+00  6.244620e-01  3.251951e+03  9.305040e-01  5.852321e-01  1.367594e+00  1.199129e+00  1.665299e-01  2.542539e+01  5.419962e-02  2.427505e+01 
    6    11  1.733962e+01  5.211501e-02  3.607856e-02  6.454912e-02  1.015744e+00  6.851642e-01  8.218117e+01  9.683212e-01  7.907279e-01  1.087202e+04  1.077597e+00  6.847264e-01  1.362303e+00  1.011898e+00  1.549122e-01  3.080371e+01  6.467760e-02  2.696285e+01 
    6    12  6.315718e+01  4.223889e-04  3.609924e-04  4.435578e-02  1.286576e+01  5.953191e+00  3.827312e-01  9.973614e+01  6.437369e+00  1.305472e+03  2.249924e+00  5.480609e-01  2.895662e+00  3.356105e+00  1.505329e+00  2.278825e+01  2.668058e-03  1.957027e+01 
    6    15  3.356656e+02  1.164600e-03  1.386182e-03  7.031017e-02  1.954376e+01  1.319412e+01  3.235911e-01  1.069323e+00  3.821786e-01  5.610067e+02  4.930977e-01  1.998449e-01  1.238293e+00  1.301654e+00  1.039295e-01  3.685795e+01  7.809140e-02  3.008345e+01 
    6    16  2.298212e+01  4.082969e-03  4.065498e-03  6.884108e-01  3.840798e+01  4.418456e+00  7.708520e-01  1.130296e+01  4.763085e+00  2.698835e+03  3.458414e+00  2.441742e+00  7.190359e+00  1.737122e+00  6.136163e-01  1.236961e+03  1.383159e-01  1.901938e+02 
    6    17  1.777230e+02  5.409056e-04  3.275460e-04  8.788157e-02  1.642525e+01  5.002538e+00  8.551341e-02  1.386442e+00  1.136469e-01  2.985865e+02  1.355733e+00  1.162130e-01  2.751205e+00  2.163656e+00  1.475958e-01  7.600892e+01  1.454423e-02  4.255015e+01 
    6    21  8.915347e+01  2.111391e-02  1.962326e-02  8.632259e-02  6.523358e+00  5.367958e-01  5.374144e-02  1.837748e+01  1.642381e+00  2.880273e+02  1.193710e+00  1.616304e-01  1.225010e+00  1.243553e+00  1.786577e-02  1.323478e+01  3.601155e-02  1.315441e+01 
    6    23  2.158745e+01  1.833129e-01  1.460300e-01  1.204245e+00  9.803052e+05  3.059869e+05  4.743353e+01  1.278761e+02  8.709788e+01  4.882295e+04  2.664579e+02  3.513093e+01  6.261943e+00  4.901475e+00  5.880070e-01  2.851672e+03  3.116914e-02  2.666565e+02 
    6    26  7.999530e+01  2.923247e-02  5.308575e-02  5.996844e-01  8.107666e+01  5.833262e+01  2.061302e+00  6.615013e+01  6.080688e+01  7.369156e+02  2.176091e+00  1.296125e+00  4.159979e-01  1.511988e+00  3.061834e-01  1.386018e+01  2.314995e-02  1.259383e+01 
    6    29  8.499764e+00  7.995366e-02  5.770119e-02  1.506104e-01  1.034325e+01  6.240231e+00  3.129239e+01  1.126124e+01  7.605852e+00  2.646206e+04  3.654799e+00  1.408604e+00  4.871220e+00  1.477823e+00  5.801988e-01  4.514118e+01  1.001817e-01  5.660017e+01 
    6    30  7.389070e+02  1.277035e-03  3.114577e-03  6.647941e-02  1.039528e+01  3.098251e+00  8.202668e-02  1.004026e+01  2.031372e+00  3.280614e+03  6.821655e+00  6.539298e-01  1.037207e+01  1.095832e+01  4.123592e-01  6.374963e+00  1.978163e-02  4.347540e+00 
    6    31  5.545189e+01  5.660277e-02  2.515942e-01  1.457837e+00  2.142566e+02  7.863820e+01  8.579580e+00  4.121708e+02  1.185135e+02  1.005003e+05  4.856819e+01  8.811325e+00  1.874923e+02  3.509605e+02  7.564427e+00  2.789904e+01  3.463037e-02  1.505667e+01 
    6    32  1.898380e+02  1.131443e-03  4.423335e-03  4.310001e-02  1.033486e+01  2.285802e+00  5.303525e-01  2.686394e+01  4.056494e+00  1.914206e+03  1.656874e+00  4.094102e-01  1.922856e+00  2.044260e+00  4.379032e-01  6.414958e+01  1.464913e-01  1.667867e+01 
    6    34  7.597553e+01  3.338313e-01  4.447907e-01  5.126176e+00  5.597223e+05  7.179653e+04  4.924328e+00  2.333123e+02  2.160470e+01  3.073022e+05  4.172743e+01  1.310600e+01  1.488124e+01  2.677664e+01  1.482220e+00  1.633633e+02  5.366153e+03  1.406185e+02 
    6    35  1.405005e+02  1.685263e-02  1.400634e-02  1.241634e-01  1.432877e+01  1.048193e+01  1.032366e+00  2.479036e+01  1.236615e+01  2.206223e+03  1.507969e+00  6.574221e-01  1.610200e+00  2.313546e+00  4.198333e-01  6.488583e+00  2.138891e-02  5.526469e+00 
    6    37  3.715080e+01  3.797787e-03  3.192747e-03  2.258064e-01  4.098693e+01  1.421550e+01  4.413576e+00  7.232072e+02  7.725610e+01  2.942651e+03  6.301111e+00  3.435070e+00  1.107793e+01  2.858285e+00  2.250567e+00  4.345340e+01  2.168459e-02  3.733960e+01 
    6    38  1.053926e+03  4.493718e-04  7.325893e-04  5.176348e-02  4.368193e-01  2.311762e-01  1.865582e-01  8.692580e+00  1.476010e+00  2.202215e+02  5.833110e-01  1.841125e-01  4.375146e-01  1.174331e+00  1.960238e-01  5.146706e+00  4.192273e-03  1.369773e+00 
    6    39  5.019666e+01  2.080528e-03  4.642963e-03  5.140266e-02  2.584855e+00  9.230293e-01  8.518070e+00  3.949947e+03  1.258162e+02  1.147854e+04  1.805108e+00  9.538148e-01  2.291010e+00  1.340434e+00  1.896439e-01  2.040564e+02  1.390356e-01  2.685452e+01 
    6    42  1.071022e+02  1.399395e-03  3.681451e-03  6.745501e-02  4.518219e+01  1.226547e+01  1.294091e+00  5.828766e+01  2.358658e+01  6.553790e+03  5.378963e+00  2.810007e+00  3.895084e+00  5.146002e+00  2.233210e+00  8.199458e+02  8.355634e-02  2.395515e+01 
    6    43  4.601438e+01  4.477794e-03  1.062421e-02  1.467121e-01  1.129453e+01  3.091204e+00  7.622357e+00  3.859923e+02  1.230019e+02  1.412885e+04  1.638539e+00  1.170656e+00  4.201095e+00  1.972428e+00  6.859589e-01  5.621870e+01  1.852056e-01  3.304280e+01 
    6    44  1.108042e+02  1.246145e-03  3.000547e-03  1.102795e-01  4.481385e+00  9.555896e-01  3.681141e+00  3.201354e+02  6.058178e+01  6.166782e+03  1.113096e+00  1.059021e+00  3.289539e+00  1.184277e+00  8.931828e-01  2.511100e+02  8.326452e-02  2.145781e+01 
    6    45  5.788649e+01  1.952443e-02  3.399786e-02  2.798262e-01  7.794347e+01  1.828404e+01  3.178746e+00  1.624420e+02  1.211009e+02  2.504182e+03  2.825736e+00  9.990669e-01  6.160034e+00  2.956253e+00  5.424706e-01  3.171126e+01  6.542807e-02  1.168877e+01 
    6    46  2.201398e+02  3.219431e-04  3.867057e-04  6.841717e-02  5.448875e+00  1.583472e+00  1.006485e-01  2.910063e+01  1.613175e+00  5.712499e+02  9.618472e-01  6.852520e-01  7.079919e-01  1.175226e+00  8.342395e-01  1.039228e+02  6.021525e-03  1.190720e+01 
    6    47  1.747259e+02  3.683385e-03  2.290652e-02  1.773939e-01  1.384453e+01  6.933339e+00  2.399644e+00  2.856052e+01  2.797472e+00  2.125162e+03  3.038166e+00  1.428567e+00  2.568904e+00  5.733684e+00  3.113579e-01  8.818342e+01  1.066422e-01  2.963921e+01 
    6    48  2.090828e+02  2.440202e-03  3.062483e-03  3.028447e-03  7.387227e-02  2.417611e-03  1.290166e+00  7.688573e+00  1.780017e+00  7.139394e+02  2.748826e-01  5.053990e-02  1.199037e-01  1.534616e-01  1.715699e-02  6.904207e+01  1.214981e-01  4.953170e+00 
    6    50  1.516770e+01  9.817182e-02  8.789749e-02  3.714962e-01  6.394191e+01  2.672793e+01  3.865273e+01  4.917667e+01  1.749363e+01  1.515365e+04  5.155483e+00  3.133796e+00  6.292726e+00  3.335519e+00  2.138121e+00  2.086678e+02  7.360348e-02  2.113344e+02 
    6    52  6.711968e+02  9.142856e-06  8.422463e-06  3.197819e-03  4.801141e-01  2.827203e-01  4.038350e-03  8.230747e-02  1.502915e-02  4.157602e+01  2.910667e-02  9.518151e-03  1.022713e-01  2.705552e-02  2.980912e-03  1.854556e+00  4.486172e-05  1.614902e+00 
    6    57  3.398179e+01  5.370998e-01  4.358054e-01  8.704570e-01  4.429720e+01  4.091061e+01  3.628553e+00  6.175796e+01  3.366808e+01  1.657438e+04  2.319546e+00  1.641272e+00  3.259059e+00  1.379845e+00  1.280502e+00  5.402049e+01  3.893052e-02  5.500642e+01 
    6    58  4.335749e+01  5.911411e-03  5.930254e-03  6.724501e-02  8.118751e+00  3.738765e+00  1.437761e+01  4.198876e+01  1.658825e+01  9.128445e+02  2.239578e+00  1.390266e+00  1.960323e+00  2.437483e+00  8.566064e-01  1.807677e+01  1.919853e-02  1.051226e+01 
    7     4  1.329402e+02  7.701780e-02  6.663722e-02  6.959983e-02  4.979727e+00  3.161049e+00  1.659708e-01  1.726395e+01  5.296900e+00  3.454607e+03  9.317665e-01  4.787434e-01  1.098348e+00  8.584429e-01  4.553177e-01  1.898524e+01  1.238436e-02  1.901437e+01 
    7     5  3.644037e+01  8.856365e-03  1.113367e-02  5.382535e-02  1.545484e+01  5.289040e+00  2.412397e+01  1.553284e+01  5.873003e+00  2.785339e+03  1.201861e+00  8.232252e-01  1.719688e+00  4.015814e-01  1.426008e-01  4.908663e+01  5.881567e-02  4.475568e+01 
    7     6  2.184482e+02  1.003690e-03  4.671089e-04  5.042669e-02  6.556546e+00  5.419129e+00  1.317856e-01  1.546174e+01  4.164248e-01  1.276685e+03  2.132764e+00  6.002793e-01  1.991938e+00  4.281854e+00  3.352436e-01  4.250708e+01  1.292031e-02  2.062851e+01 
    7     9  2.396929e+02  5.779169e-05  5.013236e-05  3.765966e-02  7.278422e+00  3.960858e+00  2.588011e-02  1.582041e+00  6.403048e-02  2.692744e+02  1.605303e+00  4.047480e-02  3.934966e-01  1.364333e+00  2.022547e-01  6.898990e+00  5.695646e-04  9.420787e+00 
    7    15  2.057793e+01  1.762153e-01  1.267558e-01  8.248819e-02  8.917375e+05  1.672106e+05  1.670477e+01  1.049405e+02  4.850009e+01  8.698518e+04  5.461462e+02  1.461714e+02  2.165988e+00  7.670401e-01  2.815642e-01  1.353890e+03  8.071228e-01  4.229023e+02 
    7    18  1.334784e+02  2.663286e-03  1.183574e-02  1.597292e-01  3.154343e+01  1.148775e+01  3.782296e-01  5.376916e+01  3.397364e+01  1.835755e+03  1.307745e+01  1.389284e+00  1.291431e+01  1.393168e+01  4.822110e+00  3.538856e+01  1.295648e-01  2.804862e+01 
    7    21  4.015814e+01  1.101075e-03  2.353572e-03  1.497848e-01  3.629631e+01  4.123471e+00  2.101619e+00  5.503948e+01  8.385482e+00  1.133602e+04  1.816409e+00  3.833887e-01  2.089332e+00  8.655234e-01  1.810780e-01  7.842722e+02  2.052151e-02  1.565453e+01 
    7    23  2.550783e+04  2.111987e-07  1.856030e-07  1.379261e-04  7.930732e-03  3.266427e-03  4.388857e-04  1.218349e-01  3.606300e-02  1.853833e+00  7.350133e-03  2.364133e-03  5.475629e-03  1.802516e-02  4.401018e-04  2.552529e-02  9.541039e-07  2.856011e-02 
    7    25  6.907241e+01  1.011909e-03  8.826290e-04  3.320964e-02  5.181311e+00  4.270547e+00  1.606542e+00  6.012528e+01  6.798547e+00  7.775054e+02  2.980921e+00  2.287604e+00  4.799056e+00  3.395875e+00  1.078982e+00  2.343712e+01  3.744993e-02  8.055423e+00 
    7    26  5.398432e+01  1.693244e-05  1.592438e-05  2.331478e-02  9.581992e+00  8.092184e+00  8.312005e-01  5.666415e+00  9.853599e-01  4.837513e+02  3.494353e+00  7.345277e-01  2.319067e+00  1.451994e+00  7.905952e-01  9.149760e+00  4.455461e-05  1.267374e+01 
    7    27  1.173380e+01  2.760537e-02  3.217294e-02  4.184988e-01  1.038875e+01  6.828151e+00  6.722882e+01  1.507605e+01  5.578240e+00  6.997055e+03  3.772808e+00  1.257752e+00  8.397121e+00  4.276827e+00  8.238382e-01  2.968972e+01  7.381119e-02  3.101679e+01 
    7    28  1.003288e+02  4.812293e-04  6.766314e-04  9.132271e-02  3.035555e+00  2.553986e-01  3.366470e-01  2.099253e+01  9.879228e+00  5.573218e+02  1.647638e+00  1.911108e-01  9.574266e-01  1.757507e+00  1.954250e-01  2.483373e+01  3.093027e-03  1.120431e+01 
    7    33  5.998282e+01  2.683418e-03  3.281194e-03  7.314698e-02  1.054806e+00  2.459725e-01  1.870105e+00  7.371284e+00  4.907412e+00  9.724276e+02  1.618680e+00  4.620130e-01  1.159834e+00  1.493949e+00  6.581186e-01  1.707949e+01  5.729344e-02  1.216105e+01 
    7    38  1.728122e+02  1.908948e-03  2.042286e-03  1.271547e-01  1.697903e+00  4.671935e-01  1.586952e+00  6.250286e+00  1.418951e+00  1.610152e+02  3.901235e-01  3.228837e-01  4.705603e-01  3.341045e-01  6.457318e-02  1.405726e+01  6.392323e-02  7.837984e+00 
    7    40  6.037025e+01  2.161868e-03  2.483541e-03  2.070045e-01  1.994032e+01  8.831538e+00  5.042064e-01  3.398250e+02  8.531814e+00  2.083139e+03  4.352326e+00  2.196287e+00  6.382603e+00  3.840100e+00  2.506757e+00  2.216371e+02  1.290153e-01  1.295931e+02 
    7    41  7.816362e+01  2.982582e-03  3.112391e-03  1.163909e-01  1.671644e+00  2.494004e-01  8.701480e-01  1.316308e+02  6.390487e+01  6.127768e+03  4.275641e-01  2.942457e-01  7.970037e-01  2.143202e-01  5.596987e-02  3.069563e+02  5.871185e-02  1.526788e+01 
    7    42  2.136541e+01  1.896008e-02  3.340280e-02  1.593568e-01  2.579388e+01  8.304863e+00  3.034261e+01  3.195900e+01  8.929972e+00  3.690303e+03  2.059425e+00  9.225505e-01  1.191947e+00  1.202929e-01  8.798189e-02  6.525131e+01  7.061245e-02  5.795321e+01 
    7    43  8.838144e+01  2.893797e-03  4.266677e-03  6.295698e-02  1.812146e+00  2.898069e-01  1.298533e+00  1.884256e+02  1.453730e+01  5.039562e+03  1.713500e+00  1.390303e-01  1.504381e+00  1.758006e+00  1.033782e-01  6.643641e+01  1.317452e-01  1.138494e+01 
    7    44  5.302743e+01  1.067930e-01  5.868670e-02  6.847768e-02  3.518605e+00  2.494561e+00  1.934303e+01  3.374966e+00  2.128359e+00  1.959847e+04  8.500863e-01  7.552759e-01  9.125599e-01  2.848357e-01  2.369181e-01  6.750801e+00  1.874558e-02  8.524724e+00 
    7    48  7.697228e+01  2.408337e-03  4.621438e-03  1.014745e-01  6.344241e+00  2.353157e+00  3.680898e+00  3.094157e+02  3.649804e+01  2.437752e+03  3.521259e+00  1.628460e+00  4.748523e+00  5.291258e+00  1.829126e+00  1.218025e+01  1.347676e-01  5.716146e+01 
    7    49  2.590684e+01  4.293859e-01  3.272935e-01  9.613866e-01  2.135899e+05  1.250966e+05  4.484951e+00  1.170192e+02  2.563051e+01  4.444532e+04  1.164104e+02  6.142562e+01  4.187929e+00  1.936661e+00  1.720789e+00  4.187796e+02  1.094275e-01  9.741556e+01 
    7    50  2.198435e+01  1.247116e-01  1.166395e-01  4.185953e-01  6.821750e+01  2.346935e+01  8.997843e+00  7.845184e+01  1.138883e+01  1.732511e+04  4.622271e+00  1.378146e+00  4.823145e+00  4.968096e+00  4.904767e-01  4.938127e+01  4.662109e-02  5.499624e+01 
    7    52  2.148873e+02  1.070130e-03  2.201305e-03  3.321961e-01  1.631018e+00  6.208618e-01  2.287036e-01  1.610745e+01  2.872508e+00  2.333950e+03  9.465051e-01  3.645306e-01  7.518630e-01  5.642823e-01  1.273214e-01  8.408241e+01  2.966942e-02  1.097006e+01 
    7    53  8.670202e+01  6.846441e-03  9.894102e-03  1.307479e-01  1.370475e+01  6.876721e+00  2.217871e+00  7.433869e+01  3.379684e+01  6.803863e+03  1.405851e+00  9.289681e-01  2.083429e+00  1.096030e+00  5.178624e-01  1.477199e+01  5.359630e-02  1.094713e+01 
    7    54  7.964012e+01  1.294695e-04  1.229434e-04  8.330820e-02  4.983410e+00  2.561311e+00  5.900420e-02  6.035158e-01  1.623166e-01  1.059216e+02  5.368593e-01  1.548849e-01  8.009273e-01  5.017712e-02  6.899014e-03  2.017310e+01  1.670382e-04  8.195473e+00 
    7    56  3.650953e+01  3.663576e-04  3.269911e-04  1.703503e-01  1.565056e+01  1.070814e+01  1.520460e-01  1.704158e+01  8.902639e+00  8.527384e+02  9.327164e+00  1.324858e+00  7.745221e+00  1.291120e+00  7.314200e-01  4.531898e+01  1.817991e-03  4.151341e+01 
    7    57  2.897285e+01  3.565977e-03  3.017691e-03  7.680256e-02  6.866321e-01  3.624697e-01  3.100944e+00  2.190099e+00  8.267501e-01  7.753775e+03  6.540606e-01  4.224255e-01  5.667966e-01  3.485911e-01  7.826555e-02  2.143761e+01  1.491262e-02  8.455681e+00 
    7    58  5.799638e+01  2.243798e-01  1.989097e-01  1.227444e+00  1.379799e+05  7.942531e+04  4.406306e+00  1.048673e+02  3.957205e+01  5.357158e+04  7.243749e+01  4.326925e+01  1.243286e+00  2.858970e+00  3.916824e-01  5.579521e+01  5.777172e-01  3.632376e+01 
    7    59  6.308747e+02  1.028782e-04  3.096336e-04  9.670203e-03  6.463016e-01  2.773303e-01  3.753763e-02  2.078968e+00  1.274637e+00  5.928635e+02  1.073490e-01  4.759558e-02  1.497816e-01  3.474519e-02  2.672005e-02  8.775377e+01  1.970881e-03  4.721076e+00 
    7    60  1.958367e+02  6.312642e-04  9.263311e-04  2.757550e-02  2.457249e+00  1.518794e+00  3.890257e-01  1.853175e+00  1.360452e+00  5.577829e+02  1.836852e+00  7.343210e-01  1.738882e+00  1.866019e+00  4.732090e-01  2.635204e+01  1.173192e-02  1.762287e+01 
    7    62  6.821067e+01  5.494682e-02  1.860321e-03  1.363026e+00  1.842735e+02  1.830272e+01  2.482948e+01  9.339824e+01  3.203135e+01  1.287081e+04  5.477931e+00  8.630189e-01  7.892141e+00  1.014910e+01  7.577367e-01  4.297979e+01  2.919463e-01  2.498504e+02 
    8     1  4.475363e+01  5.452322e-03  4.860335e-03  2.914862e-01  8.345930e+01  4.477669e+01  5.917951e-01  5.310000e+01  7.767333e+00  2.821155e+03  6.095944e+00  1.725669e+00  1.177757e+01  4.138299e+00  1.424171e+00  1.465946e+03  1.037667e+00  1.459024e+03 
    8     3  4.495690e+02  3.557901e-04  1.113827e-03  1.430244e-02  1.248227e+00  3.075907e-01  7.254029e-01  3.936368e+01  3.094344e+00  3.937231e+02  1.235710e-01  6.592322e-02  1.626298e-01  1.063325e-01  3.158174e-02  2.557390e+01  2.462550e-02  4.913171e+00 
    8     9  1.074475e+01  1.956997e-01  1.198182e-01  1.124166e-01  1.542184e+04  8.014931e+03  4.940971e+01  2.381717e+01  1.413961e+01  7.880397e+04  7.562396e+01  3.908711e+01  4.866445e+00  5.813004e+00  5.124994e-01  2.848410e+02  5.695333e-02  3.789556e+01 
    8    10  4.197049e+01  4.354929e-04  3.675730e-04  8.598767e-02  2.205095e+01  1.486876e+01  4.528721e-01  2.206168e+01  5.356478e+00  4.506307e+03  3.939604e+00  2.882266e+00  1.333792e+01  5.570219e+00  3.427214e+00  9.880179e+01  1.437881e-02  6.821091e+01 
    8    13  2.962010e+01  3.066300e-01  2.097507e-01  9.158759e-01  2.348345e+04  1.247290e+04  3.662295e+00  3.089585e+01  8.267127e+00  2.525763e+04  5.449451e+01  1.573755e+01  3.391279e+00  2.166226e+00  3.592431e-01  6.283177e+01  4.223454e-02  2.743672e+01 
    8    15  3.033808e+02  1.204399e-03  1.178439e-03  2.552143e-01  9.597526e+00  2.346929e+00  1.663833e-01  8.482943e+00  2.595889e+00  4.956071e+02  1.810501e+00  1.166552e+00  1.221673e+00  7.663982e-01  6.103430e-01  1.073169e+02  1.172087e-01  1.014188e+02 
    8    18  6.236299e+01  2.864342e-03  6.511199e-03  1.482502e-01  2.280732e+01  7.809099e+00  3.854810e+00  4.744586e+02  9.650304e+01  2.249617e+04  9.509800e+00  2.942495e+00  1.503619e+01  1.074001e+01  9.372503e+00  3.391223e+02  3.245417e-01  6.892379e+01 
    8    19  8.555111e+01  3.274793e-03  7.179795e-03  4.510500e-02  2.552326e+00  5.095314e-01  1.790118e+00  6.819171e+01  7.482380e+00  3.260614e+03  1.771250e+00  7.833261e-01  4.405496e+00  2.401154e+00  7.648126e-01  1.670803e+02  1.344995e-01  1.431444e+01 
    8    21  4.369871e+01  1.153058e-02  1.110185e-02  9.221102e-02  2.187908e+00  7.659713e-01  6.649094e+00  2.422377e+00  2.089922e+00  8.886103e+02  1.442228e+00  7.039802e-01  1.755289e+00  1.161946e+00  2.818131e-01  2.371265e+01  7.203364e-02  1.564023e+01 
    8    26  2.376031e+02  2.875212e-03  6.225190e-03  8.170527e-02  6.147138e+00  3.421956e+00  1.051685e+00  1.223710e+01  1.100201e+01  2.407805e+03  5.225236e-01  2.302913e-01  8.792057e-01  5.060667e-01  1.990953e-01  7.512465e+00  1.991787e-02  4.662257e+00 
    8    27  5.236221e+01  1.311589e-03  1.776967e-03  2.436466e-01  1.186256e+01  1.445287e+00  2.379503e-01  2.774930e+01  2.178485e+01  2.483534e+03  8.457232e+00  3.218533e+00  9.970937e+00  5.220116e+00  1.572722e+00  1.588595e+02  3.894499e-01  1.523193e+02 
    8    28  1.612645e+02  1.213942e-03  3.905799e-03  5.590439e-02  7.673058e+00  2.556391e+00  4.073105e+00  1.205517e+02  2.349426e+01  6.325536e+03  2.254384e+00  4.017073e-01  1.024459e+00  2.443038e+00  1.640314e-01  2.252261e+01  6.003160e-02  1.753671e+01 
    8    30  8.272577e+02  5.731873e-05  4.633230e-05  7.056064e-03  8.604785e-02  6.330926e-03  8.368400e-02  7.000306e+00  9.526215e-01  3.025039e+02  1.557060e-02  5.704114e-03  4.179027e-02  3.282512e-02  7.840982e-03  2.339483e+00  2.268372e-04  1.013614e+00 
    8    31  1.645879e+02  2.614738e-03  3.720263e-03  2.144525e-01  1.381245e+01  8.706519e+00  7.003455e-01  3.233182e+01  1.218705e+01  1.156827e+03  2.255863e+00  1.677788e+00  3.055138e+00  2.454420e+00  2.011026e+00  3.096820e+01  8.801931e-02  2.523109e+01 
    8    32  9.025372e+01  1.205169e-03  1.228815e-03  8.189156e-02  7.691644e+00  5.716272e+00  3.264035e-01  1.941416e+01  6.686238e+00  1.286181e+03  2.428699e+00  1.739258e+00  3.502405e+00  6.761190e+00  3.745927e-01  1.220215e+02  1.982684e-02  3.029048e+01 
    8    34  1.591094e+02  3.865885e-04  3.550304e-04  2.658248e-02  4.604833e+00  6.428643e-01  1.904629e-01  2.144704e+01  1.669802e+00  8.173403e+02  8.731331e-01  4.373279e-01  1.410062e+00  8.822207e-01  2.162540e-01  2.875823e+01  2.446710e-03  1.128115e+01 
    8    35  2.773348e+02  5.123576e-04  1.253918e-03  1.144421e-01  1.091936e+00  2.738506e-01  1.028366e-01  6.081995e+00  3.086340e+00  2.998845e+02  4.966001e-01  1.647160e-01  3.447502e-01  5.121169e-01  5.438711e-02  3.471597e+01  2.180456e-02  3.808995e+00 
    8    41  2.269987e+02  9.649641e-04  1.320497e-03  4.227404e-02  6.189723e-01  6.671694e-02  1.686332e-01  1.501419e+01  6.997914e+00  1.348951e+02  2.366130e-01  7.868633e-02  1.442365e-01  2.605251e-01  1.360777e-02  5.766372e+01  1.300740e-02  7.677049e+00 
    8    42  6.078559e+01  2.170547e-02  3.633748e-02  2.980305e-01  7.669895e+02  5.584579e+02  7.526470e+00  1.226832e+03  9.240002e+01  2.461948e+05  1.068235e+00  6.304912e-01  9.509188e-01  1.009183e+00  9.221496e-01  1.342876e+01  2.825294e-02  9.701773e+00 
    8    47  2.839307e+02  2.528921e-04  5.778869e-04  2.287045e-02  3.151611e+00  1.137940e+00  2.400267e-01  9.014318e+00  2.486802e+00  7.850007e+02  1.801021e+00  4.700999e-01  2.189239e+00  1.631806e+00  2.210604e-01  2.918307e+01  3.532253e-03  7.300601e+00 
    8    48  1.315558e+01  2.344194e-02  3.869140e-02  2.622838e-01  1.598322e+02  4.651441e+01  4.244513e+01  1.565279e+02  1.316391e+02  3.277911e+04  3.686746e+00  2.847289e+00  5.635548e+00  1.966563e+00  6.375110e-01  6.221104e+01  1.056220e-01  3.094019e+01 
    8    49  1.560113e+02  2.703449e-03  2.427803e-03  8.930227e-02  4.299984e-01  1.496293e-01  5.218239e-01  4.008210e+01  1.041445e+01  1.383892e+03  4.889658e-01  1.875609e-01  3.208858e-01  4.911115e-01  4.809714e-02  1.171591e+01  1.093056e-01  4.811462e+00 
    8    50  4.343653e+01  9.314589e-03  1.063183e-02  3.791263e-01  4.757416e+01  1.801538e+01  8.706808e-01  9.478296e+01  6.892481e+01  6.906086e+03  3.691665e+00  1.048626e+00  5.113479e+00  2.542910e+00  4.925506e-01  7.148869e+01  6.514601e-01  7.195279e+01 
    8    52  1.019457e+02  1.904669e-03  1.573581e-03  9.495426e-02  5.205553e+00  1.482496e+00  2.373227e-01  1.384028e+01  9.347489e-01  4.223288e+03  1.360246e+00  7.104066e-01  1.446667e+00  2.619310e+00  1.871375e+00  1.146437e+02  4.800429e-03  1.653517e+01 
    8    54  2.984215e+01  1.438627e-01  1.779903e-01  1.530780e+00  4.432956e+05  3.878616e+05  3.094872e+01  1.306256e+02  6.999578e+01  6.465751e+04  3.054515e+02  2.537332e+02  2.704793e+00  6.826098e+00  4.620968e-01  5.957081e+02  1.313768e-01  7.056361e+01 
    8    55  7.347618e+01  1.391509e-03  2.447846e-03  1.480736e-01  2.935312e+01  6.616528e+00  1.063397e+00  2.576978e+01  3.270561e+00  2.410178e+03  4.290956e+00  2.318296e+00  4.830268e+00  5.060091e+00  3.181296e+00  2.107662e+02  5.479271e-02  4.493333e+01 
    8    56  6.097649e+01  9.669243e-03  1.438250e-02  2.238797e-01  3.094544e+01  1.283935e+01  3.540396e-01  1.364113e+01  9.693663e+00  5.070592e+03  2.192150e+00  4.123557e-01  2.599381e+00  3.065007e+00  1.058275e+00  5.645166e+01  1.116086e-01  5.593712e+01 
    8    57  2.234017e+02  3.352866e-03  2.838961e-03  7.856084e-03  3.644528e+00  2.885168e-01  3.329232e-01  8.181978e+00  5.797888e+00  4.507224e+03  1.001921e-01  6.444328e-02  4.232424e-01  7.613812e-02  2.607636e-02  1.029106e+01  1.987931e-02  9.707171e+00 
    8    58  5.593972e+01  6.770148e-03  5.510898e-03  3.488872e-01  4.762805e+00  7.838573e-01  3.499039e-01  1.865342e+01  4.302044e+00  2.861716e+03  1.741669e+00  3.434664e-01  6.816505e+00  4.721445e+00  2.377314e-01  3.458995e+02  3.479295e-02  2.828251e+01 
    8    62  3.598716e+01  5.090512e-02  3.623303e-02  7.016506e-02  1.297667e+01  3.400406e+00  7.031102e+00  9.313569e+00  7.842694e+00  3.821352e+03  1.550497e+00  7.607856e-01  8.278002e-01  5.766803e+00  1.847822e-01  3.682386e+01  4.727843e-02  3.512969e+01 
    8    63  6.845683e+01  2.780796e-02  3.422883e-02  1.573375e-01  2.159040e+01  6.063468e+00  8.678426e-01  4.501587e+01  3.188053e+01  1.101040e+03  1.191710e+00  5.305823e-01  2.992106e+00  1.465161e+00  3.564020e-01  2.126070e+01  6.173941e-02  1.655354e+01 
    8    64  1.184067e+02  1.988203e-03  4.325743e-03  7.284942e-02  1.158358e+01  2.397535e+00  1.859807e+00  2.524593e+01  5.235527e+00  3.317505e+03  1.922410e+00  1.417920e+00  2.886848e+00  4.728222e+00  6.049573e-01  4.457421e+01  1.173952e-01  2.521025e+01 
    9     2  3.106070e+01  5.959523e-03  9.507514e-03  9.233250e-02  1.098819e+02  1.563254e+01  1.399440e+01  1.276860e+02  4.356396e+01  6.337445e+03  2.043833e+01  1.705934e+00  9.757263e+00  3.686012e+01  1.132766e+00  3.549502e+01  6.188402e-02  2.948537e+01 
    9     4  2.507225e+01  3.588389e-03  5.598557e-03  5.748014e-01  9.410153e+01  3.414118e+01  4.333090e+00  1.280409e+03  4.130581e+02  1.978638e+05  3.057072e+00  1.368590e+00  2.198883e+00  4.343799e-01  2.503003e-01  2.687262e+02  6.266650e-02  4.454833e+01 
    9     6  4.056162e+02  1.607399e-04  1.440281e-04  1.141721e-02  1.440251e+00  1.314115e+00  4.599559e-02  2.464078e+00  7.173749e-01  1.680469e+02  3.982011e-01  1.318643e-01  4.786600e-01  9.083424e-02  4.427911e-02  1.795195e+01  9.134724e-04  4.356296e+00 
    9     7  1.058574e+02  6.751271e-02  5.440343e-02  1.121768e-01  2.806046e+01  2.640149e+01  3.757655e+00  3.263019e+01  9.639637e+00  3.293352e+03  4.600889e-01  3.119934e-01  4.621371e-01  1.931440e-01  5.570698e-02  9.326363e+00  1.047772e-02  9.764270e+00 
    9    10  2.363320e+01  4.488008e-01  6.245092e-01  5.746015e+00  4.702009e+05  2.093208e+04  7.473900e+00  1.999984e+02  1.752610e+01  8.839424e+05  4.998018e+02  4.073705e+01  2.170993e+01  1.429145e+01  2.608664e+00  5.842331e+02  3.677353e+05  1.568461e+03 
    9    12  1.090973e+02  2.154183e-04  2.010050e-04  9.593510e-02  1.054747e+01  2.798603e+00  1.471923e-01  8.560889e+00  2.328698e+00  8.896512e+02  2.340819e+00  1.812736e+00  3.589635e+00  4.696108e+00  4.558968e-01  2.643455e+01  5.599081e-04  1.213459e+01 
    9    13  1.285889e+02  4.090043e-04  7.957492e-04  2.669690e-01  2.308023e+00  1.106814e+00  1.254603e-01  3.610821e+01  2.315540e+01  1.191723e+03  2.326502e+00  9.077534e-01  1.665911e+00  1.265001e+00  1.436486e-01  1.715944e+02  6.602431e-02  1.352634e+02 
    9    15  8.065606e+00  2.503183e-01  1.760294e-01  1.393952e+00  1.254603e+02  1.245587e+01  1.564431e+01  3.488381e+00  9.757703e-01  3.399710e+06  3.328498e+00  1.783379e+00  2.028153e+00  2.318694e-01  1.949336e-01  6.442540e+01  3.880319e-02  9.235541e+01 
    9    18  1.561746e+01  2.325668e-02  2.140444e-02  1.353922e-01  1.301254e+00  5.453105e-01  5.243093e+01  3.530630e+00  1.391684e+00  4.426849e+03  2.054858e+00  8.182588e-01  1.121600e+00  8.905500e-01  3.027295e-01  5.549461e+01  1.889101e-01  1.703312e+01 
    9    19  1.564591e+02  3.409156e-04  2.109646e-03  3.248793e-02  2.232221e+01  1.471219e+01  3.082386e-01  4.288934e+01  1.370507e+01  5.845830e+03  2.165556e+00  8.567725e-01  1.675331e+00  2.382778e+00  7.887146e-01  1.836819e+02  1.113303e-02  1.577480e+01 
    9    20  1.428857e+02  2.072828e-02  1.954172e-02  1.565024e-01  8.840946e+01  6.633090e+01  1.596324e+00  6.612898e+01  2.971203e+01  2.399635e+03  1.845987e+00  1.077459e+00  1.802632e+00  1.215840e+00  5.116713e-01  8.158078e+00  1.580787e-02  7.709754e+00 
    9    21  2.543732e+01  2.186520e-03  2.100908e-03  5.199285e-01  1.563230e+01  4.625367e+00  9.996010e-01  1.451264e+01  1.663869e+00  1.443257e+03  3.606732e+00  2.709046e+00  4.641947e+00  3.854046e+00  1.027413e+00  8.069430e+02  4.231227e-03  5.459826e+01 
    9    30  1.159359e+01  7.267363e-02  7.966656e-02  1.309691e+00  8.679030e+01  5.444588e+01  2.511447e+00  1.608521e+02  1.279776e+02  3.128138e+03  5.136543e+00  2.015205e+00  1.089816e+01  1.937043e+00  1.137246e+00  2.185203e+02  5.325515e-01  2.173925e+02 
    9    31  3.714579e+01  5.285995e-03  9.442224e-03  7.368161e-02  2.289970e+00  2.226873e+00  6.413631e+00  3.358631e+02  2.987268e+01  1.080375e+04  3.897549e+00  2.209298e+00  1.913190e+00  2.778460e+00  3.872174e-01  3.954736e+02  4.524061e-01  4.929608e+01 
    9    32  4.087800e+01  4.997727e-04  4.869715e-04  1.149438e-01  1.334963e+01  9.318737e+00  1.460301e-01  9.077324e+00  3.003065e+00  1.200446e+03  3.953014e+00  1.226218e+00  7.341374e+00  4.862583e+00  9.005615e-01  3.845297e+01  2.101063e-03  3.382443e+01 
    9    34  3.497516e+01  2.283574e-02  2.076679e-02  1.132406e-01  5.986664e-01  4.309474e-01  6.221327e+00  9.675653e-01  6.052876e-01  1.480470e+03  7.030795e-01  5.881265e-01  5.285985e-01  5.488360e-01  1.005684e-01  1.790296e+01  5.313468e-02  1.414728e+01 
    9    36  3.379224e+01  1.232547e-02  1.711746e-02  7.967731e-01  8.463444e+01  1.854147e+01  1.790312e+00  5.875693e+01  2.171107e+01  5.775246e+03  5.407092e+00  3.585342e+00  1.086389e+01  5.288406e+00  1.046066e+00  6.241787e+02  1.171438e+00  1.887162e+02 
    9    39  1.031350e+02  1.228408e-03  3.576509e-03  1.957799e-01  1.634959e+01  4.878003e+00  1.660903e+00  2.527912e+02  6.736863e+00  2.879097e+03  2.703389e+00  1.418983e+00  4.739421e+00  3.918869e+00  2.073277e+00  1.286534e+02  7.147666e-02  2.654026e+01 
    9    41  1.963645e+02  9.439068e-04  4.801401e-03  1.204212e-01  1.852802e+01  6.857164e+00  9.548410e-01  1.190259e+01  2.600096e+00  1.282154e+03  3.680766e+00  2.062527e+00  3.253512e+00  4.175935e+00  2.747550e+00  4.448030e+01  1.614055e-02  8.767845e+00 
    9    42  4.117826e+01  6.006618e-01  4.935700e-01  3.394820e+00  2.049033e+05  1.545891e+05  1.804969e+01  4.322483e+01  2.653882e+01  6.862382e+04  1.629483e+02  7.562812e+01  3.207656e+00  2.069280e+00  6.690011e-01  1.884462e+02  1.993334e+00  2.186034e+02 
    9    43  3.237140e+01  3.454706e-04  2.557852e-04  1.618950e-01  1.601058e+01  9.662557e+00  1.776404e-01  2.547070e+00  1.153131e+00  7.887976e+02  1.393591e+00  9.775307e-01  6.545300e+00  2.950844e+00  7.908786e-01  8.627930e+01  2.416006e-04  1.467553e+01 
    9    44  2.360343e+01  7.802309e-03  1.655490e-02  3.266444e-01  6.413842e+01  3.667723e+00  7.960636e+00  2.124142e+01  2.875157e+00  1.315990e+04  3.148244e+00  2.404814e+00  9.932641e+00  5.780284e+00  6.096006e-01  5.546859e+02  1.343298e-01  8.133214e+01 
    9    45  8.061417e+00  5.792102e-02  6.567986e-02  5.728916e-01  2.714164e+01  4.971427e+00  6.521325e+01  4.345976e+01  2.330947e+01  1.096880e+04  4.834036e+00  3.785977e+00  1.265055e+01  3.755821e+00  2.000296e+00  1.434530e+02  1.992097e-01  1.318617e+02 
    9    46  8.043966e+01  4.056772e-03  3.530521e-03  6.860120e-02  7.650821e+00  6.058720e+00  1.119768e+00  2.462102e+01  1.020004e+01  3.400416e+03  1.699007e+00  5.289120e-01  1.973680e+00  1.695769e+00  1.121810e+00  1.132219e+01  3.622384e-02  1.058251e+01 
    9    47  1.285684e+01  5.007576e-01  3.419934e-01  5.603750e-01  3.247587e+05  3.748175e+04  1.581243e+01  1.739214e+02  5.782424e+01  5.708424e+04  2.347917e+02  5.247944e+00  8.060409e+00  3.915458e+00  3.381262e+00  1.047040e+02  3.833125e-02  3.302705e+01 
    9    51  1.208610e+02  7.234382e-04  3.191545e-04  9.736604e-02  4.444218e-01  7.264708e-02  1.048255e-01  1.566564e+01  2.505126e-01  4.419768e+02  9.279845e-02  7.342128e-02  1.970306e-01  1.690058e-01  4.851339e-02  2.440269e+02  7.094091e-03  1.124633e+01 
    9    52  7.253101e+01  2.455903e-03  2.411339e-03  9.231510e-02  2.137758e+01  1.003359e+01  2.268871e-01  1.413897e+01  6.559283e+00  3.104506e+03  1.361844e+00  2.191024e-01  2.284653e+00  8.437642e-01  1.386460e-01  2.309147e+01  2.470303e-02  1.651420e+01 
    9    53  1.050208e+02  5.407670e-03  6.414831e-03  3.384570e-01  1.070976e+01  7.946219e+00  3.781368e-01  6.571187e+01  4.305201e+00  1.554083e+03  2.033298e+00  1.601569e+00  2.770999e+00  2.790364e+00  1.485988e+00  1.424740e+01  6.138153e-02  1.360201e+01 
    9    54  3.046287e+01  4.656847e-04  4.469930e-04  1.489714e-01  2.019084e+01  1.418335e+01  1.681185e+00  1.360236e+01  7.599247e-01  1.045384e+03  1.355228e+00  6.993282e-01  1.234912e+01  3.156881e+00  1.299830e+00  5.136108e+01  5.842366e-03  4.691833e+01 
    9    57  6.375990e+01  6.855217e-03  6.131623e-03  4.912661e-02  2.016097e+00  4.760349e-01  1.717274e+00  2.362984e+01  4.554643e+00  3.432877e+02  5.926500e-01  4.743570e-01  1.458298e+00  1.043711e+00  1.363185e-01  3.488890e+01  5.722115e-02  1.429452e+01 
    9    58  8.608684e+01  5.181908e-04  2.565972e-04  6.931771e-02  5.123205e+01  1.088787e+01  1.299441e-01  3.383257e+00  1.072920e+00  5.308629e+02  1.717296e+00  1.292664e+00  2.414463e+00  1.472755e+00  5.965394e-01  1.210734e+02  1.086758e-02  9.710075e+01 
    9    61  2.491830e+02  2.599954e-04  1.156985e-04  3.951507e-02  2.659988e+01  1.666751e+01  6.319973e-02  2.646424e+00  2.149505e+00  2.820024e+02  1.574026e+00  9.613292e-01  1.585231e+00  8.236801e-01  3.836127e-01  4.533022e+01  6.048240e-03  3.319755e+01 
    9    64  1.769482e+02  7.970513e-04  3.727228e-04  1.064450e-01  1.509506e+01  1.086520e+01  8.300407e-02  2.531879e+00  1.433707e+00  1.062887e+03  2.464238e+00  4.557615e-01  1.141108e+00  3.877915e+00  7.096484e-01  6.950414e+01  2.213886e-02  4.694479e+01 
   10     2  9.937029e+01  2.794483e-03  6.637231e-03  6.656635e-02  3.306482e+00  4.918820e-01  4.574797e+00  8.142722e+00  2.498358e+00  1.738825e+02  7.779198e-01  3.878769e-01  5.014185e-01  2.588050e-01  2.016185e-01  1.177472e+01  2.435706e-02  7.450194e+00 
   10     3  1.347952e+01  3.926461e-01  2.496629e-01  2.233788e-01  7.404979e+03  1.571987e+03  1.436693e+01  1.190088e+02  9.737690e+00  1.832119e+05  1.401880e+02  5.132765e+01  1.181520e+00  5.653537e-01  1.555451e-01  2.111285e+02  2.055357e+01  5.274555e+02 
   10     5  4.224493e+01  6.643822e-03  2.302394e-02  2.408180e-01  2.700631e+01  4.186710e+00  8.151800e+00  5.412456e+01  3.347996e+01  2.278074e+04  2.313143e+00  1.564603e+00  3.066740e+00  4.097064e+00  2.714427e-01  7.951929e+01  1.093552e-01  6.440792e+01 
   10     6  1.668258e+02  4.166783e-04  3.790139e-04  3.442268e-02  6.123666e+00  2.859561e+00  7.968599e-02  7.817546e+00  2.470325e+00  8.681358e+02  2.743859e+00  5.084416e-01  2.168710e+00  2.762992e+00  3.491678e-01  7.849489e+01  5.615491e-03  1.651143e+01 
   10     7  1.423815e+02  4.561534e-03  1.235503e-02  1.168732e+00  2.372066e+01  1.842461e+01  1.587915e+00  8.293411e+01  1.207255e+01  3.125424e+03  1.662213e+00  1.416072e+00  2.335182e+00  1.944556e+00  5.339435e-01  3.280614e+01  1.772604e-01  2.711331e+01 
   10     8  5.778541e+01  7.273396e-02  5.037121e-02  1.980119e-01  2.010148e+01  9.433767e+00  1.040266e+01  9.376808e+00  5.024363e+00  1.441642e+04  9.638145e-01  4.434882e-01  1.443371e+00  2.195349e+00  1.421486e-01  1.378383e+01  2.060783e-02  1.543214e+01 
   10    15  1.116394e+02  4.888902e-04  3.419184e-04  5.751469e-02  1.363971e+01  5.156803e+00  2.844165e-01  2.050782e+00  1.313657e+00  1.160377e+03  3.050992e+00  1.223708e+00  3.077378e+00  3.747778e+00  1.082032e+00  6.067908e+01  2.582750e-03  2.294086e+01 
   10    18  1.619641e+02  3.341393e-04  4.185258e-04  9.583191e-03  2.546490e+00  2.269026e+00  1.074525e+00  7.904632e+01  1.458603e+01  1.605789e+03  8.186899e-01  5.742601e-01  9.744989e-01  1.455590e+00  3.503416e-01  9.407359e+01  1.845772e-03  1.030885e+01 
   10    19  6.521001e+01  1.323444e-03  4.232474e-03  4.048689e-02  8.150185e+00  1.266608e+00  6.852873e+00  8.099357e+01  2.466304e+01  1.568808e+04  1.273561e+00  3.416538e-01  3.059073e+00  4.764217e-01  6.799952e-02  1.124108e+02  8.616152e-02  3.499576e+01 
   10    20  1.161101e+02  1.357750e-03  1.209183e-03  7.540858e-02  3.518517e+00  1.828217e+00  7.346210e-01  4.843995e+00  2.486152e+00  3.640427e+03  1.890834e+00  5.811882e-01  2.091896e+00  1.045187e+00  3.460141e-01  1.415428e+01  2.453617e-02  1.040003e+01 
   10    24  2.235652e+02  1.053604e-03  2.319204e-03  5.148955e-02  3.272778e+00  2.002981e+00  9.625189e-01  6.737685e+01  6.787870e+00  3.423966e+02  9.348917e-01  4.842912e-01  4.697192e-01  5.371057e-01  1.904629e-01  1.163591e+01  2.017210e-02  6.112315e+00 
   10    27  1.062272e+02  1.950362e-02  1.537422e-02  8.988061e-02  4.027121e-01  2.602257e-01  6.086954e-01  6.575078e-01  2.340387e-01  7.616189e+02  3.023250e-01  1.088795e-01  3.658322e-01  1.699762e-01  4.077731e-02  4.781418e+00  1.040353e-02  4.762806e+00 
   10    28  5.811739e+01  1.146475e-01  9.337068e-02  3.894470e-01  1.334431e+05  3.838559e+04  1.031027e+01  4.760717e+01  7.983217e+00  3.250863e+04  1.355464e+02  6.372652e+00  9.388260e-01  3.095613e+00  1.442016e-01  1.699098e+02  2.413114e-02  2.997683e+01 
   10    29  6.325174e+01  2.738529e-03  2.875605e-03  1.845579e-01  5.434394e+01  3.015927e+01  7.081404e-01  6.071596e+00  3.053071e-01  1.707899e+03  5.839348e-01  4.164814e-01  5.524274e+00  5.717422e+00  2.936648e+00  6.724954e+01  4.436922e-02  5.178232e+01 
   10    31  5.135252e+01  3.660911e-03  9.662260e-03  1.149779e-01  1.672293e+01  7.019070e+00  2.587032e+00  1.241148e+02  6.684858e+01  6.934274e+02  1.398694e+00  1.242836e+00  4.699021e+00  2.731016e+00  1.311438e-01  2.530408e+01  5.640549e-02  1.707874e+01 
   10    34  2.383750e+02  9.816274e-04  1.439444e-03  3.136492e-02  6.904487e+00  7.955571e-01  3.745934e-01  7.732078e+00  5.908874e-01  2.689471e+02  5.580470e-01  3.705143e-01  7.010122e-01  5.350739e-01  3.199746e-01  1.027721e+02  4.057589e-02  8.055203e+00 
   10    35  8.025404e+01  2.850188e-03  3.379694e-03  2.349867e-01  2.293622e+01  1.343668e+01  4.744791e-01  1.204524e+01  2.595692e+00  2.773763e+02  2.212453e+00  1.987413e+00  6.984778e+00  1.158344e+01  1.184118e+00  6.120091e+01  1.255819e-01  6.157127e+01 
   10    37  4.472763e+01  1.355786e-01  7.675147e-02  3.163784e-01  7.613904e+04  1.691696e+04  9.772401e+00  4.057342e+01  9.255424e+00  9.730028e+04  4.729159e+01  9.794617e+00  1.125603e+00  3.282298e-01  2.763604e-01  5.731014e+00  1.300701e-01  1.695434e+01 
   10    42  2.276870e+01  4.877159e-02  4.837547e-02  5.722704e-01  6.904784e+01  4.838507e+01  9.436461e+00  1.812929e+02  1.056427e+02  1.242994e+04  3.726204e+00  2.002995e+00  6.624596e+00  1.738141e+00  1.082574e+00  4.664030e+01  1.774946e-01  3.728597e+01 
   10    43  1.094730e+01  6.584418e-04  5.765473e-04  1.436259e+00  3.307576e+00  1.881454e+00  9.426550e-01  9.054910e+01  2.428619e+01  1.089119e+03  2.257991e+00  1.743365e+00  8.669579e+00  2.999874e+00  7.209290e-01  8.382965e+01  8.208351e-04  4.443413e+01 
   10    48  7.241748e+01  7.051645e-04  5.912172e-04  2.265842e-01  7.750221e+00  1.201995e+00  2.640900e-01  1.065883e+01  3.659523e+00  2.058490e+03  1.040992e+00  8.549640e-01  2.116899e+00  3.452955e+00  1.554739e-01  3.523437e+02  2.848680e-03  1.595439e+01 
   10    49  9.837676e+01  3.441673e-04  3.110223e-04  1.056357e-02  1.290683e+00  8.303729e-01  1.149106e+01  3.389102e+01  2.708775e+01  5.780975e+02  8.080733e-01  4.407250e-01  1.322901e+00  9.507546e-01  1.772360e-01  6.852665e+00  5.220251e-03  7.502180e+00 
   10    50  1.848361e+02  3.799174e-04  1.285399e-03  9.358271e-03  1.781618e+00  1.125483e+00  5.282088e-01  1.527533e+01  9.166235e-01  2.509681e+03  9.705852e-01  2.672500e-01  1.122735e+00  9.260216e-01  8.501209e-01  1.554917e+02  4.602575e-02  1.636566e+01 
   10    51  6.107167e+01  2.966976e-03  3.373162e-03  1.918433e-01  2.432022e+01  5.063717e+00  9.627053e-01  6.600499e+01  3.037489e+01  1.673486e+04  2.353848e+00  1.669105e+00  2.550630e+00  2.942964e+00  1.219117e+00  8.766683e+01  5.051055e-02  5.571220e+01 
   10    52  2.230879e+01  9.961254e-04  7.050631e-04  1.136063e+00  1.004385e+02  7.104866e+00  5.565689e-01  1.840696e+02  5.248723e+00  1.326773e+03  3.176897e+00  2.297289e+00  3.109561e+00  1.446202e+00  4.263168e-01  2.813708e+02  1.062118e-02  8.160286e+01 
   10    56  1.764735e+02  8.029321e-05  1.146739e-04  4.697742e-02  8.967041e+00  2.008442e+00  1.141930e-01  1.146020e+00  5.271089e-01  6.434840e+02  1.079218e+00  3.631813e-01  3.154698e+00  1.179582e+00  2.960628e-01  3.230787e+01  5.158482e-04  1.320490e+01 
   10    58  5.375595e+02  9.416007e-04  1.784238e-03  3.175193e-02  7.922962e-01  2.138719e-01  4.310094e-01  1.141973e+01  2.989790e+00  9.603184e+02  1.530968e-01  8.989169e-02  3.080852e-01  2.190850e-01  7.945217e-02  4.222429e+00  1.318384e-02  3.081989e+00 
   10    62  3.066144e+01  3.851132e-03  4.447123e-03  3.093874e-01  6.130968e+00  6.264468e-01  1.381276e+00  2.018623e+01  1.553326e+01  6.198032e+03  1.149438e+00  7.205872e-01  5.593460e+00  1.205919e+00  2.425308e-01  6.626037e+02  2.376536e-02  5.960463e+01 
   10    66  7.008104e+01  1.963435e-03  7.554027e-03  6.306817e-02  1.992243e+01  9.448660e+00  9.351642e+00  5.033472e+02  1.861106e+02  8.022543e+03  3.092613e+00  2.631405e+00  8.380092e+00  8.360177e+00  3.125825e+00  5.850884e+01  7.985000e-02  2.181514e+01 
   10    68  9.914758e+00  4.186482e-02  4.445938e-02  6.287083e-02  2.772942e+01  4.469937e+00  4.124150e+01  2.568656e+01  1.814665e+01  3.246786e+04  5.632244e+00  1.025898e+00  3.047997e+00  3.947048e+00  2.947892e+00  1.615571e+02  1.589062e-01  1.374244e+02 
   10    69  1.365244e+02  3.183520e-02  3.318850e-02  1.856723e-01  1.917351e+02  1.133032e+02  4.894025e-01  1.045055e+02  2.942402e+01  1.827507e+03  1.280476e+00  2.223482e-01  1.657762e+00  1.307311e+00  2.476318e-01  2.526314e+01  2.640551e-02  2.482966e+01 
   10    72  1.758451e+02  1.334664e-03  3.655113e-03  3.906493e-02  4.762073e+00  2.649388e+00  8.055964e-01  1.018216e+02  6.173514e+01  7.506332e+02  2.266160e+00  9.992756e-01  2.176899e+00  2.247324e+00  9.639285e-01  1.112260e+02  3.197356e-02  1.424088e+01 
